# WISE W3 and W4 synthesis photometry flux from the Spitzer/IRS spectra
# objname     tag        f_{W3, tot}    f_{W4, tot}    f_{W3, AGN}   f_{W4, AGN}
PG0003+158      1      8.4163628      6.3368101      8.4163628      6.3368101
PG0003+199      0      0.0000000      0.0000000      0.0000000      0.0000000
PG0007+106      1      6.5786285      4.3415065      6.5786285      4.3415065
PG0026+129      1      7.5389385      5.6529145      7.5389385      5.6529145
PG0043+039      1      8.2563152      6.4428678      8.2563152      6.4428678
PG0049+171      1      8.4183235      6.6077719      8.4183235      6.6077719
PG0050+124      1      4.5528946      2.4288282      4.5930500      2.4833238
PG0052+251      1      7.2010860      5.0708103      7.2010860      5.0708103
PG0157+001      1      6.1442647      3.2547007      6.2986760      3.3385997
PG0804+761      1      5.8419433      4.0011353      5.8419433      4.0011353
PG0838+770      1      7.5706730      5.2067914      7.5706730      5.2067914
PG0844+349      1      7.0139017      4.9099193      7.0139017      4.9099193
PG0921+525      1      6.7381210      4.8979559      6.7381210      4.8979559
PG0923+201      1      7.4112659      5.6070209      7.4112659      5.6070209
PG0923+129      1      6.0740561      3.9245589      6.0740561      3.9245589
PG0934+013      1      7.3499007      5.0707712      7.4742298      5.2208824
PG0947+396      1      7.6301441      5.6357160      7.6301441      5.6357160
PG0953+414      1      7.5327282      5.6839962      7.5327282      5.6839962
PG1001+054      1      7.8632531      5.9602242      7.8632531      5.9602242
PG1004+130      1      7.2159700      5.1382918      7.2159700      5.1382918
PG1011-040      1      6.9971676      4.8032737      6.9971676      4.8032737
PG1012+008      1      7.5021706      5.4743948      7.5021706      5.4743948
PG1022+519      1      7.7374997      5.7374687      8.1348763      6.4444923
PG1048+342      1      8.3853130      6.2688479      8.3853130      6.2688479
PG1048-090      1      8.5945435      6.5108924      8.5945435      6.5108924
PG1049-005      1      7.0953422      4.8619223      7.0953422      4.8619223
PG1100+772      1      7.6845374      5.6825686      7.6845374      5.6825686
PG1103-006      1      8.1349869      6.0528865      8.1349869      6.0528865
PG1114+445      1      6.6590748      4.4937878      6.6590748      4.4937878
PG1115+407      1      7.8477955      5.7891464      7.8477955      5.7891464
PG1116+215      1      6.4840212      4.6610737      6.4840212      4.6610737
PG1119+120      1      6.1871753      3.9578400      6.2417922      4.0265183
PG1121+422      1      8.7323589      7.0217915      8.7323589      7.0217915
PG1126-041      1      6.0410881      3.8262246      6.0410881      3.8262246
PG1149-110      1      7.0418258      4.6598415      7.0418258      4.6598415
PG1151+117      1      7.9905624      6.1390162      7.9905624      6.1390162
PG1202+281      1      7.3942318      5.0699992      7.4925528      5.1625276
PG1211+143      1      5.7998981      3.7506928      5.8450255      3.8136735
PG1216+069      1      8.2399101      6.3904538      8.2399101      6.3904538
PG1226+023      1      4.8310795      2.7726884      4.8310795      2.7726884
PG1229+204      1      6.7423410      4.4295630      6.7423410      4.4295630
PG1244+026      1      7.1233544      4.8205175      7.2046118      4.9164810
PG1259+593      1      7.9919481      6.4868827      7.9919481      6.4868827
PG1302-102      1      7.1778874      4.8974428      7.1778874      4.8974428
PG1307+085      1      7.4341855      5.1312265      7.4341855      5.1312265
PG1309+355      1      6.9557548      4.6686354      6.9557548      4.6686354
PG1310-108      1      6.6199493      4.5505624      6.6763244      4.6369166
PG1322+659      1      7.7519264      5.7031655      7.8496413      5.8230400
PG1341+258      1      7.9478674      5.7557116      7.9478674      5.7557116
PG1351+236      1      7.6950188      5.5831413      8.5841169      7.1803656
PG1351+640      1      5.7302895      3.2510235      5.8410096      3.3519354
PG1352+183      1      7.7248273      6.0477004      7.7248273      6.0477004
PG1354+213      1      8.4504128      6.2083879      8.4504128      6.2083879
PG1402+261      1      6.7015290      4.7514710      6.7015290      4.7514710
PG1404+226      1      8.0563946      6.1826358      8.1693888      6.3646731
PG1411+442      1      6.3511119      4.5850830      6.3511119      4.5850830
PG1415+451      1      7.4440675      5.3785343      7.6171880      5.6026702
PG1416-129      1      8.3299017      6.2173448      8.3299017      6.2173448
PG1425+267      1      7.9562402      5.7637691      7.9562402      5.7637691
PG1426+015      1      6.2307649      4.1787205      6.2307649      4.1787205
PG1427+480      1      8.2593088      5.7872596      8.2593088      5.7872596
PG1435-067      1      7.6298442      5.8075476      7.6298442      5.8075476
PG1440+356      1      6.5131855      4.2609200      6.6780238      4.4534616
PG1444+407      1      7.4025984      5.3654327      7.4025984      5.3654327
PG1448+273      1      7.0051923      4.8527479      7.1074138      4.9880428
PG1501+106      1      5.5525508      3.1999922      5.5525508      3.1999922
PG1512+370      1      8.2648802      6.1212306      8.3329525      6.1887946
PG1519+226      1      7.2428861      5.3544669      7.2428861      5.3544669
PG1534+580      1      6.3759179      4.1895895      6.4351568      4.2718024
PG1535+547      1      6.8624310      5.1059532      6.8624310      5.1059532
PG1543+489      1      7.1862626      4.8794947      7.1862626      4.8794947
PG1545+210      1      8.0166788      5.9221931      8.0166788      5.9221931
PG1552+085      1      7.8706098      6.1679778      7.8706098      6.1679778
PG1612+261      1      7.2162848      4.8623347      7.2867551      4.9287314
PG1613+658      1      6.2625055      4.1277447      6.3643761      4.2468982
PG1617+175      1      7.2948079      5.5611300      7.2948079      5.5611300
PG1626+554      0      0.0000000      0.0000000      0.0000000      0.0000000
PG1700+518      1      6.2553983      4.1559963      6.2553983      4.1559963
PG1704+608      1      7.2337708      4.8313422      7.2337708      4.8313422
PG2112+059      1      7.1363277      5.2163105      7.1363277      5.2163105
PG2130+099      1      5.6300054      3.5685370      5.6300054      3.5685370
PG2209+184      1      8.1184282      6.4258780      8.2761412      6.7625170
PG2214+139      1      6.5482903      4.8299227      6.5482903      4.8299227
PG2233+134      1      7.8674617      5.5139403      7.8674617      5.5139403
PG2251+113      1      7.7572842      5.7067943      7.7572842      5.7067943
PG2304+042      1      8.0411253      6.1102991      8.0411253      6.1102991
PG2308+098      1      8.3873434      6.4651885      8.3873434      6.4651885
saga-1      1      8.3243971      5.8148794      8.8719263      6.3609519
saga-2      1      7.4787760      5.0388012      7.7359729      5.2549119
saga-6      1      5.5388722      3.8305759      5.5388722      3.8305759
saga-16      1      6.1272650      3.8221056      7.8496528      7.4978547
saga-21      1      7.3287816      4.8860044      7.3696008      4.9275274
saga-22      1      9.8423595      7.1734877     10.7259827      7.8940392
saga-23      1      7.2680306      5.0396738      7.2680306      5.0396738
saga-25      1      6.1427345      3.4204221      6.1819644      3.4513826
saga-46      1      6.9496560      4.6931162      7.0834479      4.8322792
saga-52      1      8.2936583      5.8090754      8.2936583      5.8090754
saga-54      1      6.2348013      3.9658277      6.3026361      4.0487270
saga-58      1      7.0986228      4.6928625      7.1472073      4.7360334
saga-59      1      6.6637015      4.4116101      6.7505159      4.4988317
saga-61      1      8.2160568      6.2542529      8.6617670      6.8747239
saga-65      1      6.2823582      4.0806565      6.3309669      4.1486778
saga-67      1      8.2519932      6.0763845      8.5210752      6.4513421
saga-71      1      6.4763355      4.1074123      6.5327454      4.1719818
saga-72      1      8.5684338      6.3149171      8.5684338      6.3149171
saga-73      1      9.9104710      7.4653988      9.9104710      7.4653988
saga-75      1      9.4281778      7.8754487     12.9344187           -NaN
saga-79      1      9.7962675      7.0292020     10.3309240      7.3496327
saga-81      1     10.0143080      7.9829364     12.8691196           -NaN
saga-106      1     10.6176682      8.4201717     11.1176825      9.0794048
saga-118      1      9.7132969      7.3866391     13.5162888      9.7975464
saga-120      1      7.8270421      6.0939803           -NaN           -NaN
saga-125      1      8.3172903      5.9653015      8.5284605      6.1924949
saga-126      1      7.1506495      4.8002620      7.3781714      5.0760212
saga-128      1      6.5559912      4.3273077      6.7773900      4.6190777
saga-130      1      9.8247614      7.7686968      9.8247614      7.7686968
saga-131      1      9.1729755      7.0284095      9.6045694      7.6786518
saga-132      1      8.0372486      6.0472102      8.3795519      6.6511555
saga-134      1     10.0039568      7.3790908     10.0039568      7.3790908
saga-137      1      7.5929537      4.8247838      7.6628766      4.8683085
saga-139      1     11.3146152      8.8376818     12.2885761      9.8988810
saga-142      1      6.2224903      3.8206816      6.2817111      3.8884876
saga-144      1      7.5525579      5.2757926      7.7376418      5.4694357
saga-145      1      6.8079724      3.8465946      7.2921352      4.1149526
saga-156      1      5.5212855      2.8075683      5.9150543      3.1197953
saga-158      1     10.0977755      7.8920345     10.7181482      8.8564386
saga-160      1      8.4517632      5.6966009      8.6843395      5.8584189
saga-161      1      8.5199986      6.3520708      8.5199986      6.3520708
saga-163      1      6.7470880      5.0311246      6.7876110      5.1154585
saga-165      1      9.4682589      7.6150150      9.4682589      7.6150150
saga-167      1      6.8380737      4.1757531      6.9312658      4.2470193
saga-168      1     10.1516237      7.9566011     10.1516237      7.9566011
saga-170      1      7.4845271      4.5809989      7.7664766      4.7459583
saga-177      1      7.3771229      5.4463367      7.5129933      5.6871629
saga-181      1      9.1668119      6.9971089      9.5764589      7.6011753
saga-190      1      8.8559837      6.5860991      8.8559837      6.5860991
saga-193      1      8.5323715      6.1959662      8.5323715      6.1959662
saga-196      1     10.0324163      7.6369963     10.0324163      7.6369963
saga-198      1     10.5085468      8.2612047     10.5085468      8.2612047
saga-199      1      9.6432438      7.2805281      9.6432438      7.2805281
saga-201      1      6.6827412      4.2750983      6.7158513      4.3058753
saga-202      1     10.0951891      7.9736438     10.0951891      7.9736438
saga-203      1      7.4224911      5.1006799      7.4224911      5.1006799
saga-206      1      8.0084124      5.5858397      8.0084124      5.5858397
saga-207      1      5.9148273      3.7430639      5.9148273      3.7430639
saga-208      1      6.4103208      3.3784730      7.0385165      3.7397344
saga-209      1      8.8460207      6.8055577      9.2997417      7.5699706
saga-211      1      8.9873171      6.9980021      8.9873171      6.9980021
saga-215      1     10.1150723      7.7902822     10.9194107      8.4282894
saga-216      1      6.2790122      4.0769238      6.2790122      4.0769238
saga-217      1      7.5400124      4.7609210      8.1458616      5.1044455
saga-224      1      6.6466413      4.2370820      6.8510346      4.4115286
saga-226      1      5.6431642      2.6699097      5.8812666      2.8335094
saga-230      1      6.1976123      3.6602085      6.5471277      4.0140305
saga-231      1      9.3592606      6.7375021      9.3592606      6.7375021
saga-232      1      7.6943240      4.8938289      7.9596786      5.0579281
saga-234      1      5.4238000      3.0386536      5.5410829      3.1804023
saga-237      1      6.5482740      4.6835523      6.5482740      4.6835523
saga-241      1      8.1222391      5.1163764      8.3571987      5.2438684
saga-242      1     10.3717451      8.0313959     10.3717451      8.0313959
saga-245      1      7.6241574      4.9734178      7.6754537      5.0172510
saga-247      1      9.1306210      6.9488349      9.1306210      6.9488349
saga-249      1     10.4259996      8.0639324     10.4259996      8.0639324
saga-260      1     10.1070089      7.6615615     12.2835817      9.8819790
saga-270      1     10.0955963      7.9343133     10.7926912      8.8604937
saga-282      1      9.8955336      7.6232800     11.1008253      8.7814169
saga-325      1     10.4145002      8.0492802     14.0312414           -NaN
saga-326      1     10.8423567      8.8434668     10.8423567      8.8434668
saga-330      1      8.3593111      5.9731603      8.3593111      5.9731603
saga-331      1     10.6771088      8.5474443     10.6771088      8.5474443
saga-332      1      8.2893314      6.5041156      8.2893314      6.5041156
saga-335      1      4.6564665      2.1609993      4.6564665      2.1609993
saga-360      1      8.8203945      6.9604979           -NaN           -NaN
saga-365      1      9.7493010      7.5099030     10.9565268      9.2152500
saga-372      1     10.2016954      8.2525349     14.0412912           -NaN
saga-373      1      6.1960850      4.0523462      6.2542615      4.1374397
saga-390      1      6.1176796      4.2214313      6.1547341      4.2812634
saga-411      1     10.2332840      7.5062947     12.2155342      8.5669365
saga-424      1      9.0700970      7.0883107      9.3014917      7.4529519
saga-435      1     10.1518936      7.8079319     11.2260036      9.0844412
saga-452      1      6.9117837      4.1089988      7.0007777      4.1698046
saga-453      1      7.8488407      5.6353521      8.4367409      6.5536442
saga-458      1      7.5629101      5.5689096      7.5629101      5.5689096
saga-459      1      7.2394700      3.9596822      7.4697967      4.0590796
saga-461      1      7.5477753      5.0477400      7.5477753      5.0477400
saga-466      1      6.7760563      3.8862324      7.2259197      4.1385612
saga-468      1      9.5844440      7.2156119      9.5844440      7.2156119
saga-470      1      8.9636898      6.7219768      9.3143158      7.2165117
saga-474      1      7.3382344      4.3310080      7.6602836      4.4828830
saga-475      1      9.6530361      7.5792899      9.6530361      7.5792899
saga-481      1      7.0202637      4.5466499      7.0624366      4.5833406
saga-483      1      6.6052742      4.3163223      6.6413980      4.3612704
saga-485      1      5.6224279      3.3501706      5.7515359      3.4983387
saga-490      1      6.4651089      4.0088964      6.6679220      4.2302766
saga-493      1      6.2742996      4.0043182      8.0103283           -NaN
saga-497      1      8.2576227      5.6009436      8.8398981      6.1144228
saga-500      1      7.0182099      5.2288718      7.1534791      5.5401578
saga-504      1      9.5302219      7.2560682     10.0637617      7.8795204
saga-505      1      7.1765032      4.5238843      7.1765032      4.5238843
saga-506      1      6.5639310      4.3644242      6.7433963      4.5686960
saga-516      1      7.0100389      4.6586070      7.2130485      4.8543730
saga-519      1      9.6542864      7.2089581      9.6542864      7.2089581
saga-520      1     10.1066751      7.2206144     10.1066751      7.2206144
saga-532      1      8.0720015      5.9874806      8.0720015      5.9874806
saga-537      1      5.9294939      3.1310394      6.0793266      3.2438531
saga-540      1      7.2624106      4.2129245      8.1856661      4.6754560
saga-541      1      7.3091030      4.4444351      7.5454574      4.6014633
saga-544      1      6.8666048      4.2052660      7.0927997      4.3808274
saga-562      1      8.6077881      6.6965361      9.0051460      7.2798238
saga-565      1     11.0742350      9.3630247     11.0742350      9.3630247
saga-569      1      7.7579350      5.6553502      9.5352430           -NaN
saga-573      1      6.8360076      4.3700595      6.8360076      4.3700595
saga-574      1      5.0286965      2.3179410      5.6193552      2.8086693
saga-575      1      7.8174758      5.0397673      8.7104664      5.5815005
saga-577      1      7.2160249      4.1573362      7.6633830      4.3700929
saga-578      1      7.7723079      6.1982479      7.7723079      6.1982479
saga-582      1      7.3131495      5.2059908      7.3588886      5.2736554
saga-583      1      6.4123054      4.0497122      6.5457087      4.1731362
saga-590      1      6.0386162      4.0530715      6.0386162      4.0530715
saga-592      1      9.5036678      7.3518209     10.0752716      8.1785727
altas-8      0      0.0000000      0.0000000      0.0000000      0.0000000
altas-10      1      7.4369998      5.1206079      7.4369998      5.1206079
altas-12      1      7.2019997      5.1510215      7.2019997      5.1510215
altas-14      1      7.9870000      6.1942239      7.9870000      6.1942239
altas-38      1      8.9540377      6.9335227      8.9845343      6.9994550
altas-63      1      8.7559633      6.4604192      8.8654385      6.5496473
altas-64      1      9.0879993      7.0371943      9.0879993      7.0371943
altas-71      1      8.3850002      6.1582804      8.3850002      6.1582804
altas-72      1      8.6060553      6.3664470      8.6060553      6.3664470
altas-77      1      9.3680000      6.9916978      9.3680000      6.9916978
altas-78      1      9.2320013      6.6879539      9.2320013      6.6879539
altas-79      1      8.5877905      6.4106317      8.5877905      6.4106317
altas-80      0      0.0000000      0.0000000      0.0000000      0.0000000
altas-109      1     11.0640001      8.6599503     11.0640001      8.6599503
altas-115      1     11.1329994      9.1702890     11.1329994      9.1702890
altas-122      1     10.8459997      8.5372162     10.8459997      8.5372162
altas-130      0      0.0000000      0.0000000      0.0000000      0.0000000
altas-135      0      0.0000000      0.0000000      0.0000000      0.0000000
altas-136      1     10.7740021      8.9299355     10.7740021      8.9299355
altas-144      1     10.4709978      8.3675508     10.4709978      8.3675508
altas-145      1     10.5210009      8.2090931     10.5210009      8.2090931
altas-146      1     10.8889980      8.8880386     10.8889980      8.8880386
altas-150      1     10.6779995      8.3079348     10.6779995      8.3079348
altas-165      1     10.1549978      8.1941519     10.1549978      8.1941519
altas-169      1     10.0140018      7.7682934     10.0140018      7.7682934
altas-191      1      6.2480001      4.0046883      6.2887325      4.0425048
altas-206      0      0.0000000      0.0000000      0.0000000      0.0000000
altas-212      0      0.0000000      0.0000000      0.0000000      0.0000000
altas-310      0      0.0000000      0.0000000      0.0000000      0.0000000
altas-572      1      8.1610012      6.5164995      8.1610012      6.5164995
altas-598      1      7.2599998      4.5935311      7.3427997      4.6496387
altas-603      0      0.0000000      0.0000000      0.0000000      0.0000000
altas-605      1      9.9040003      7.6576920      9.9040003      7.6576920
altas-606      1     10.4989996      8.4156713     10.4989996      8.4156713
altas-607      1     10.2539988      8.0345764     10.2539988      8.0345764
altas-608      1     10.3549986      7.7028241     10.3549986      7.7028241
altas-609      1     10.4519968      8.5272589     10.4519968      8.5272589
altas-610      1     10.3219986      8.2211094     10.3219986      8.2211094
altas-611      1      8.7659998      5.9157090      8.7659998      5.9157090
altas-614      0      0.0000000      0.0000000      0.0000000      0.0000000
altas-617      0      0.0000000      0.0000000      0.0000000      0.0000000
altas-618      0      0.0000000      0.0000000      0.0000000      0.0000000
altas-36      1      7.9529996      5.9589376      8.6594543      7.4673152
altas-58      1      6.1159997      3.1729128      6.1599364      3.1971967
altas-81      1      4.4180002      0.8514238      4.5572319      0.9050050
altas-247      1     10.2550058      7.0008368     10.2550058      7.0008368
altas-268      1      8.0139999      4.5981236      8.1821404      4.6544294
altas-278      1      7.0260000      4.0861177      7.0260000      4.0861177
altas-442      1      5.1789999      1.9904251      5.3432837      2.0750930
altas-511      1      5.9089999      3.7679768      9.0994110           -NaN
cassis-26329600-0      1      9.0299768      7.1917958      9.0299768      7.1917958
cassis-25387776-0      0      0.0000000      0.0000000      0.0000000      0.0000000
cassis-25391104-0      1     10.8621759      8.9187603     10.8621759      8.9187603
cassis-17726464-0      1     10.5202246      8.9077301     11.9032574           -NaN
cassis-10493696-0      1      9.4960222      7.1949754      9.4960222      7.1949754
cassis-25389568-0      0      0.0000000      0.0000000      0.0000000      0.0000000
cassis-26702848-0      1      8.6383591      6.3662663      8.6383591      6.3662663
cassis-25387264-0      1      9.7111807      7.5627403      9.7111807      7.5627403
cassis-25388800-0      1     10.2537031      8.1569567     10.2537031      8.1569567
cassis-4733952-0      1      8.7396555      6.8596048      8.7396555      6.8596048
cassis-4738816-0      1      6.4609804      4.2821465      6.4609804      4.2821465
cassis-21768960-0      1      8.7039518      6.7951937      8.7039518      6.7951937
cassis-24169984-0      1      9.3834467      6.9068484      9.3834467      6.9068484
cassis-4732160-0      1      7.7982445      5.6386104      7.7982445      5.6386104
cassis-15083008-0      1      8.5592060      6.4136691      8.5592060      6.4136691
cassis-24158208-3      1      9.8122883      7.5006499      9.8122883      7.5006499
cassis-25977344-0      1      9.7446108      8.0656710      9.7446108      8.0656710
cassis-27446272-0      1     11.0865364      8.9865007     11.0865364      8.9865007
cassis-26919936-0      0      0.0000000      0.0000000      0.0000000      0.0000000
cassis-25977088-0      1      9.3348274      7.5024600      9.3348274      7.5024600
cassis-26328576-0      1      7.9277554      5.6041121      7.9277554      5.6041121
cassis-25977856-0      1      9.5341702      7.4791727      9.5341702      7.4791727
cassis-27450368-0      1     10.4611053      8.5317669     10.4611053      8.5317669
cassis-26335488-0      1      9.1267548      6.8097172      9.1267548      6.8097172
cassis-26332672-0      1      8.1632776      6.2065125      8.1632776      6.2065125
cassis-24153344-3      1      9.8951874      7.7122722      9.8951874      7.7122722
cassis-24143104-3      1     10.0686617      7.8972363     10.0686617      7.8972363
cassis-24143104-4      1     10.2770348      8.0632849     10.2770348      8.0632849
cassis-25390848-0      1      9.7442226      7.8740296      9.7442226      7.8740296
cassis-25390592-0      1     10.5718546      8.7268362     10.5718546      8.7268362
cassis-26920192-0      0      0.0000000      0.0000000      0.0000000      0.0000000
cassis-25390336-0      1     10.6013975      8.5085726     10.6013975      8.5085726
cassis-25390080-0      0      0.0000000      0.0000000      0.0000000      0.0000000
cassis-25389824-0      1     10.2546816      7.6158261     10.2546816      7.6158261
cassis-25388288-0      1     10.7892208      8.5916290     10.7892208      8.5916290
cassis-21768448-0      1      9.9221945      8.2119331     10.1160088      8.4601412
cassis-26917632-0      0      0.0000000      0.0000000      0.0000000      0.0000000
cassis-15083520-0      1      6.9710569      4.9004250      6.9710569      4.9004250
cassis-17725952-0      1      9.1850052      6.9383087      9.4570065      7.1854539
cassis-15082496-0      1      7.7353835      5.3712316      7.8397574      5.4698048
cassis-10950400-0      1      8.6430111      6.1534872      8.6430111      6.1534872
cassis-10950913-0      1      8.5156584      6.2805476      8.5156584      6.2805476
cassis-24151040-0      1      9.5579777      6.9757133      9.5579777      6.9757133
cassis-24147712-0      1      9.3366852      7.0446672      9.3366852      7.0446672
cassis-24172288-0      1      9.4227047      6.9176135      9.4227047      6.9176135
cassis-24163072-0      1     10.1318913      7.8038473     10.1318913      7.8038473
cassis-24192768-0      1     10.0708122      8.0279999     10.0708122      8.0279999
cassis-12236800-0      1      8.1362629      5.7101831      8.1362629      5.7101831
cassis-17728512-0      1      9.3046999      7.2354603      9.3046999      7.2354603
cassis-15078912-0      1      9.1551638      7.2477751      9.1551638      7.2477751
cassis-24161280-2      1      9.9907246      7.5993381     10.5248423      7.9948816
cassis-24154624-2      1      9.2965574      7.3391719      9.2965574      7.3391719
cassis-4732416-0      0      0.0000000      0.0000000      0.0000000      0.0000000
cassis-4164352-0      1      7.1715679      4.8846045      7.1715679      4.8846045
cassis-4674304-0      1      7.5288181      5.4871039      7.5288181      5.4871039
cassis-24190464-1      1     10.1155901      8.0000677     10.1155901      8.0000677
cassis-24193536-1      1      9.8539314      7.9641533     10.5050116      8.9368210
cassis-21655552-0      1     10.2015152      7.6060629     10.2015152      7.6060629
cassis-17728000-0      1     11.3220100      9.4790611     11.3220100      9.4790611
cassis-18978560-0      1      8.1435318      6.5048161      8.1435318      6.5048161
cassis-17540352-0      1      7.0478554      4.8534832      7.0478554      4.8534832
cassis-17726720-0      1     10.4280100      8.3281174     10.4280100      8.3281174
cassis-17726976-0      1      9.6533213      8.1555986      9.6533213      8.1555986
cassis-17727744-0      1      9.4644146      7.6866426      9.4644146      7.6866426
cassis-17727488-0      1     11.0926027      8.8975258     11.0926027      8.8975258
cassis-22391040-0      1      6.9705248      5.2218328      6.9705248      5.2218328
cassis-17728256-0      1     11.4958086      9.6741419     11.4958086      9.6741419
cassis-17729536-0      1     11.0948572      9.3166075     11.0948572      9.3166075
cassis-24164096-0      1      8.8479195      6.7204261      8.8479195      6.7204261
cassis-24173312-0      1      9.5761013      7.5855927      9.5761013      7.5855927
cassis-24145408-0      1      8.8791018      6.7788839      9.6899548      7.8302436
cassis-21768192-0      1      9.1965942      7.3638988      9.1965942      7.3638988
cassis-17542912-0      1      9.8463917      7.4667478      9.8463917      7.4667478
cassis-17729024-0      1     10.0451927      7.8579049     10.0451927      7.8579049
cassis-17729792-0      1     10.7644482      8.9186430     13.0368843           -NaN
cassis-10476288-0      1     10.5561666      8.4175262     10.5561666      8.4175262
cassis-23015168-0      1      9.3417425      6.7543674     10.9229822      7.6090336
cassis-24192000-0      0      0.0000000      0.0000000      0.0000000      0.0000000
cassis-24160256-1      1      9.8467064      7.8757024      9.8467064      7.8757024
cassis-24194560-2      1      9.8657017      7.4746313      9.8657017      7.4746313
cassis-21768704-0      1      9.6747971      7.2357287      9.6747971      7.2357287
cassis-22390272-0      1      9.0501137      6.6839242      9.0501137      6.6839242
cassis-21767680-0      1      9.9487648      8.0076227      9.9487648      8.0076227
cassis-26906624-0      1      8.3820620      5.9696450      8.4083118      5.9995856
cassis-25388032-0      1     10.5866499      8.5901251     10.5866499      8.5901251
cassis-25388544-0      1     10.7912827      8.7563400     10.7912827      8.7563400
cassis-25389056-0      1     10.9301424      9.0958996     10.9301424      9.0958996
cassis-26330368-0      1      7.7699733      5.7267704      7.7699733      5.7267704
cassis-25389312-0      1      9.8403358      7.7810769      9.8403358      7.7810769
cassis-25976832-0      1      9.0071955      6.9950328      9.0071955      6.9950328
cassis-26916096-0      0      0.0000000      0.0000000      0.0000000      0.0000000
cassis-26915840-0      0      0.0000000      0.0000000      0.0000000      0.0000000
cassis-25977600-0      1      9.9510489      8.0497169      9.9510489      8.0497169
cassis-24172032-2      1      9.9585848      7.7325368      9.9585848      7.7325368
