FORPRINT: Fri Jul 29 22:09:51 2022
      5.2474899      0.0127310      0.0014765      0.0125638      0.0001672
      5.2777300      0.0130604      0.0009339      0.0128977      0.0001627
      5.3079700      0.0127922      0.0012081      0.0126319      0.0001603
      5.3382101      0.0131624      0.0014770      0.0130104      0.0001520
      5.3684602      0.0133585      0.0007448      0.0132033      0.0001552
      5.3987002      0.0137251      0.0007339      0.0135530      0.0001721
      5.4289398      0.0134553      0.0007496      0.0132668      0.0001885
      5.4591799      0.0129545      0.0006032      0.0127700      0.0001845
      5.4894199      0.0132530      0.0007524      0.0130718      0.0001812
      5.5196700      0.0134494      0.0006272      0.0132678      0.0001816
      5.5499101      0.0132674      0.0004996      0.0130953      0.0001721
      5.5801501      0.0133778      0.0005745      0.0132054      0.0001724
      5.6103902      0.0136516      0.0007982      0.0134759      0.0001757
      5.6406298      0.0136448      0.0004832      0.0134748      0.0001700
      5.6708798      0.0139579      0.0005619      0.0137861      0.0001718
      5.7011199      0.0138825      0.0005039      0.0137046      0.0001779
      5.7313600      0.0139166      0.0006470      0.0137289      0.0001877
      5.7616000      0.0142012      0.0005984      0.0140024      0.0001988
      5.7918401      0.0142495      0.0005898      0.0140397      0.0002098
      5.8220901      0.0143149      0.0006328      0.0140913      0.0002236
      5.8523302      0.0143031      0.0006592      0.0140727      0.0002304
      5.8825698      0.0142288      0.0009274      0.0139812      0.0002476
      5.9128098      0.0143560      0.0007654      0.0140942      0.0002618
      5.9430499      0.0139755      0.0008169      0.0137090      0.0002665
      5.9733000      0.0141343      0.0006131      0.0138518      0.0002825
      6.0035400      0.0143906      0.0006878      0.0140784      0.0003122
      6.0337801      0.0147908      0.0006148      0.0144416      0.0003492
      6.0640202      0.0149574      0.0006859      0.0145434      0.0004140
      6.0942602      0.0147163      0.0007434      0.0142457      0.0004706
      6.1245098      0.0150611      0.0007227      0.0145856      0.0004755
      6.1547499      0.0147757      0.0007189      0.0143333      0.0004424
      6.1849899      0.0149743      0.0008294      0.0145316      0.0004427
      6.2152300      0.0149944      0.0006926      0.0145319      0.0004625
      6.2454700      0.0150667      0.0008198      0.0146445      0.0004222
      6.2757201      0.0148483      0.0007464      0.0144921      0.0003562
      6.3059602      0.0151576      0.0009465      0.0148181      0.0003395
      6.3362002      0.0151584      0.0008986      0.0148107      0.0003477
      6.3664398      0.0152310      0.0007909      0.0148625      0.0003685
      6.3966799      0.0151742      0.0008988      0.0147589      0.0004153
      6.4269300      0.0148195      0.0008180      0.0143692      0.0004503
      6.4571700      0.0155023      0.0007089      0.0150458      0.0004565
      6.4874101      0.0146508      0.0007009      0.0141712      0.0004796
      6.5176501      0.0152986      0.0010033      0.0147466      0.0005520
      6.5478902      0.0161315      0.0008318      0.0154795      0.0006520
      6.5781398      0.0151280      0.0008704      0.0144113      0.0007167
      6.6083798      0.0153615      0.0015411      0.0145838      0.0007777
      6.6386199      0.0152375      0.0007448      0.0144470      0.0007905
      6.6688600      0.0152129      0.0007546      0.0144348      0.0007781
      6.6991000      0.0157532      0.0011368      0.0150168      0.0007364
      6.7293501      0.0156519      0.0012054      0.0149686      0.0006833
      6.7595901      0.0159856      0.0012108      0.0153250      0.0006606
      6.7898302      0.0154877      0.0009272      0.0148053      0.0006824
      6.8200698      0.0159713      0.0010612      0.0152722      0.0006991
      6.8503098      0.0150104      0.0009866      0.0142868      0.0007236
      6.8805599      0.0162091      0.0011772      0.0154788      0.0007303
      6.9108000      0.0159286      0.0009281      0.0151829      0.0007457
      6.9410400      0.0163356      0.0010737      0.0155089      0.0008267
      6.9712801      0.0162833      0.0018519      0.0153249      0.0009584
      7.0015202      0.0162418      0.0011399      0.0151557      0.0010861
      7.0317702      0.0161082      0.0008941      0.0149433      0.0011649
      7.0620098      0.0163899      0.0013938      0.0151684      0.0012215
      7.0922499      0.0164010      0.0013554      0.0150588      0.0013422
      7.1224899      0.0168063      0.0007953      0.0151915      0.0016148
      7.1527300      0.0170861      0.0012484      0.0149121      0.0021740
      7.1829801      0.0171761      0.0014633      0.0142106      0.0029655
      7.2132201      0.0184568      0.0008305      0.0147743      0.0036825
      7.2434602      0.0184331      0.0008993      0.0144703      0.0039628
      7.2737002      0.0183134      0.0011137      0.0145769      0.0037365
      7.3039398      0.0183102      0.0012557      0.0150572      0.0032530
      7.3341899      0.0177739      0.0011809      0.0150034      0.0027705
      7.3644300      0.0173684      0.0025249      0.0149751      0.0023934
      7.3946700      0.0168745      0.0014937      0.0147849      0.0020896
      7.4249101      0.0174169      0.0020391      0.0155400      0.0018769
      7.4551501      0.0170316      0.0011041      0.0153117      0.0017198
      7.4854002      0.0170239      0.0012611      0.0154444      0.0015795
      7.5156398      0.0161582      0.0023677      0.0146969      0.0014613
      7.5761199      0.0167341      0.0012824      0.0153640      0.0013701
      7.6366000      0.0167187      0.0009810      0.0153801      0.0013386
      7.6970901      0.0167794      0.0007098      0.0153764      0.0014030
      7.7575698      0.0171527      0.0008912      0.0156920      0.0014607
      7.8180499      0.0171521      0.0010055      0.0156794      0.0014727
      7.8785400      0.0171966      0.0009324      0.0157277      0.0014688
      7.9390202      0.0174601      0.0009155      0.0159660      0.0014940
      7.9995098      0.0176805      0.0012920      0.0160873      0.0015932
      8.0599899      0.0178679      0.0013169      0.0160541      0.0018138
      8.1204700      0.0187461      0.0012290      0.0164161      0.0023300
      8.1809597      0.0186509      0.0019289      0.0163722      0.0022787
      8.2414398      0.0182891      0.0008214      0.0161737      0.0021154
      8.3019199      0.0184251      0.0007897      0.0162332      0.0021919
      8.3624096      0.0187468      0.0008017      0.0164610      0.0022858
      8.4228897      0.0189244      0.0011923      0.0164604      0.0024640
      8.4833698      0.0177191      0.0032928      0.0149925      0.0027266
      8.5438604      0.0194138      0.0006997      0.0163438      0.0030700
      8.6043396      0.0197237      0.0008670      0.0161689      0.0035548
      8.6648302      0.0201274      0.0008941      0.0159325      0.0041949
      8.7253103      0.0211155      0.0007343      0.0161575      0.0049580
      8.7857904      0.0214122      0.0007870      0.0157218      0.0056904
      8.8462801      0.0217267      0.0008497      0.0155151      0.0062116
      8.9067602      0.0229763      0.0007994      0.0166708      0.0063055
      8.9672403      0.0229355      0.0007016      0.0167449      0.0061906
      9.0277300      0.0217671      0.0017426      0.0156664      0.0061007
      9.0882101      0.0218006      0.0009347      0.0158032      0.0059974
      9.1486902      0.0219196      0.0008242      0.0161942      0.0057254
      9.2091799      0.0220053      0.0008207      0.0167409      0.0052644
      9.2696600      0.0214554      0.0008582      0.0167329      0.0047225
      9.3301497      0.0214569      0.0023760      0.0172294      0.0042275
      9.3906298      0.0215387      0.0014294      0.0177529      0.0037858
      9.4511099      0.0213303      0.0010739      0.0178514      0.0034789
      9.5115995      0.0213891      0.0013922      0.0181186      0.0032705
      9.5720797      0.0213259      0.0014411      0.0181362      0.0031897
      9.6325598      0.0214680      0.0016830      0.0183089      0.0031591
      9.6930504      0.0212734      0.0014761      0.0181211      0.0031523
      9.7535295      0.0212695      0.0010348      0.0180754      0.0031941
      9.8140097      0.0218611      0.0023129      0.0185607      0.0033004
      9.8745003      0.0224694      0.0018465      0.0189983      0.0034711
      9.9349804      0.0228914      0.0009921      0.0192321      0.0036593
      9.9954700      0.0224939      0.0019870      0.0187687      0.0037252
     10.0559502      0.0231891      0.0009913      0.0196085      0.0035806
     10.1164303      0.0236594      0.0007493      0.0204357      0.0032237
     10.1769199      0.0237613      0.0011615      0.0209974      0.0027639
     10.2374001      0.0234688      0.0008331      0.0211520      0.0023168
     10.2978802      0.0231431      0.0008155      0.0211812      0.0019619
     10.3583698      0.0244156      0.0019880      0.0227165      0.0016991
     10.4188499      0.0252898      0.0024299      0.0237405      0.0015493
     10.4793301      0.0257618      0.0020173      0.0243338      0.0014280
     10.5398197      0.0258385      0.0010169      0.0245384      0.0013001
     10.6002998      0.0262884      0.0025433      0.0250946      0.0011938
     10.6607904      0.0267955      0.0023007      0.0256588      0.0011367
     10.7212696      0.0271115      0.0014692      0.0260081      0.0011034
     10.7817497      0.0282292      0.0017153      0.0271571      0.0010721
     10.8422403      0.0290804      0.0017475      0.0280393      0.0010411
     10.9027205      0.0298038      0.0011161      0.0287913      0.0010125
     10.9631996      0.0304665      0.0010909      0.0294753      0.0009912
     11.0236902      0.0313866      0.0025513      0.0304076      0.0009790
     11.0841703      0.0321630      0.0029401      0.0311843      0.0009787
     11.1446505      0.0328225      0.0027555      0.0318264      0.0009961
     11.2051401      0.0329519      0.0011828      0.0319031      0.0010488
     11.2656202      0.0339867      0.0019068      0.0329261      0.0010606
     11.3261099      0.0347801      0.0019162      0.0337694      0.0010107
     11.3865900      0.0349911      0.0013113      0.0340441      0.0009470
     11.4470701      0.0352928      0.0019996      0.0343785      0.0009143
     11.5075598      0.0361005      0.0027706      0.0351918      0.0009087
     11.5680399      0.0370731      0.0029031      0.0361626      0.0009105
     11.6285200      0.0376298      0.0012787      0.0367075      0.0009223
     11.6890097      0.0378238      0.0012797      0.0368874      0.0009364
     11.7494898      0.0377656      0.0019258      0.0368194      0.0009462
     11.8099699      0.0376925      0.0011256      0.0367405      0.0009520
     11.8704596      0.0384774      0.0019394      0.0375194      0.0009580
     11.9309397      0.0394172      0.0015826      0.0384414      0.0009758
     11.9914303      0.0398186      0.0019382      0.0388215      0.0009971
     12.0519104      0.0404685      0.0025743      0.0394239      0.0010446
     12.1123896      0.0403353      0.0024325      0.0392337      0.0011016
     12.1728802      0.0412513      0.0027911      0.0400479      0.0012034
     12.2333603      0.0431135      0.0024577      0.0418028      0.0013107
     12.2938404      0.0429129      0.0013270      0.0415179      0.0013950
     12.3543301      0.0421955      0.0015560      0.0407248      0.0014707
     12.4148102      0.0424165      0.0021575      0.0409303      0.0014862
     12.4752903      0.0425459      0.0016178      0.0410426      0.0015033
     12.5357800      0.0427835      0.0019752      0.0412536      0.0015299
     12.5962601      0.0430943      0.0013215      0.0415192      0.0015751
     12.6567497      0.0432758      0.0013288      0.0415952      0.0016806
     12.7172298      0.0439802      0.0013456      0.0421342      0.0018460
     12.7777100      0.0450198      0.0019821      0.0428747      0.0021451
     12.8381996      0.0449888      0.0022147      0.0424577      0.0025311
     12.8986797      0.0453251      0.0014252      0.0422684      0.0030567
     12.9591599      0.0456900      0.0019187      0.0416399      0.0040501
     13.0196505      0.0473572      0.0015530      0.0417585      0.0055987
     13.0801296      0.0495462      0.0020578      0.0431845      0.0063617
     13.1406097      0.0490638      0.0023596      0.0426319      0.0064319
     13.2011003      0.0480332      0.0017562      0.0420942      0.0059390
     13.2615805      0.0475678      0.0024791      0.0424890      0.0050788
     13.3220596      0.0470971      0.0015978      0.0426740      0.0044231
     13.3825502      0.0469999      0.0025237      0.0431359      0.0038640
     13.4430304      0.0463545      0.0020436      0.0428372      0.0035173
     13.5035200      0.0464293      0.0023300      0.0431870      0.0032423
     13.5640001      0.0463182      0.0016913      0.0432261      0.0030921
     13.6244802      0.0460407      0.0015884      0.0430568      0.0029839
     13.6849699      0.0464719      0.0016198      0.0434773      0.0029946
     13.7454500      0.0469078      0.0023223      0.0438604      0.0030474
     13.8059301      0.0470159      0.0023655      0.0438245      0.0031914
     13.8664198      0.0478646      0.0016095      0.0445170      0.0033476
     13.9268999      0.0473497      0.0018622      0.0438984      0.0034513
     13.9873800      0.0469910      0.0026230      0.0434579      0.0035331
     14.0693502      0.0472347      0.0016478      0.0437403      0.0034944
     14.1540298      0.0473759      0.0012680      0.0438478      0.0035281
     14.2387104      0.0469048      0.0012511      0.0432404      0.0036644
     14.3233805      0.0455371      0.0014735      0.0415916      0.0039455
     14.4080601      0.0458629      0.0019803      0.0417302      0.0041327
     14.4927397      0.0454675      0.0016715      0.0410811      0.0043864
     14.5774097      0.0453858      0.0014398      0.0406639      0.0047219
     14.6620903      0.0453958      0.0012083      0.0402708      0.0051250
     14.7467699      0.0460753      0.0010289      0.0403883      0.0056870
     14.8314505      0.0456485      0.0022704      0.0389134      0.0067351
     14.9161196      0.0469808      0.0011594      0.0389849      0.0079959
     15.0008001      0.0468772      0.0008986      0.0410002      0.0058771
     15.0854797      0.0447491      0.0010803      0.0404029      0.0043462
     15.1701498      0.0451573      0.0017720      0.0416537      0.0035036
     15.2548304      0.0450480      0.0011208      0.0416501      0.0033979
     15.3395100      0.0454955      0.0010558      0.0421167      0.0033788
     15.4241800      0.0449450      0.0007290      0.0415666      0.0033784
     15.5088596      0.0450645      0.0008041      0.0416819      0.0033826
     15.5935402      0.0458932      0.0011339      0.0425019      0.0033913
     15.6782103      0.0456250      0.0011088      0.0422064      0.0034186
     15.7628899      0.0461862      0.0026559      0.0427577      0.0034285
     15.8475704      0.0464833      0.0026988      0.0430795      0.0034038
     15.9322395      0.0472900      0.0013132      0.0439582      0.0033318
     16.0169201      0.0468717      0.0010160      0.0435836      0.0032881
     16.1016006      0.0463108      0.0008182      0.0430351      0.0032757
     16.1862793      0.0480022      0.0012974      0.0446974      0.0033048
     16.2709503      0.0488398      0.0012078      0.0454951      0.0033447
     16.3556309      0.0479137      0.0009844      0.0445121      0.0034016
     16.4403095      0.0495790      0.0021898      0.0461023      0.0034767
     16.5249805      0.0497508      0.0009628      0.0461731      0.0035777
     16.6096592      0.0521246      0.0012962      0.0485095      0.0036151
     16.6943398      0.0534765      0.0013913      0.0498897      0.0035868
     16.7790108      0.0519749      0.0028414      0.0484807      0.0034942
     16.8636894      0.0512422      0.0012195      0.0478458      0.0033964
     16.9483700      0.0529835      0.0035259      0.0496437      0.0033398
     17.0330391      0.0522442      0.0017071      0.0489310      0.0033132
     17.1177197      0.0535061      0.0027787      0.0501994      0.0033067
     17.2024002      0.0535076      0.0010423      0.0501911      0.0033165
     17.2870693      0.0537090      0.0017805      0.0503774      0.0033316
     17.3717499      0.0543770      0.0011661      0.0510310      0.0033460
     17.4564304      0.0555183      0.0016014      0.0521715      0.0033468
     17.5411091      0.0554030      0.0010765      0.0520511      0.0033519
     17.6257801      0.0568024      0.0012817      0.0534341      0.0033683
     17.7104607      0.0570813      0.0016304      0.0536803      0.0034010
     17.7951393      0.0575336      0.0014585      0.0540905      0.0034431
     17.8798103      0.0588014      0.0033190      0.0552694      0.0035320
     17.9644909      0.0595014      0.0034277      0.0557716      0.0037298
     18.0491695      0.0633286      0.0016670      0.0591946      0.0041340
     18.1338406      0.0683703      0.0023075      0.0639573      0.0044130
     18.2185192      0.0630528      0.0019828      0.0587247      0.0043281
     18.3031998      0.0623808      0.0030858      0.0583787      0.0040021
     18.3878708      0.0638785      0.0030212      0.0599735      0.0039050
     18.4725494      0.0629827      0.0055851      0.0590519      0.0039307
     18.5572300      0.0626537      0.0027397      0.0586720      0.0039817
     18.6418991      0.0640484      0.0028789      0.0600253      0.0040231
     18.7265797      0.0624990      0.0028494      0.0584430      0.0040560
     18.8112602      0.0632616      0.0018876      0.0591027      0.0041589
     18.8959408      0.0661857      0.0019311      0.0618202      0.0043655
     18.9806099      0.0686861      0.0029617      0.0639335      0.0047526
     19.0652905      0.0677286      0.0043667      0.0624905      0.0052381
     19.1499691      0.0697672      0.0030402      0.0642122      0.0055550
     19.2346401      0.0685396      0.0034049      0.0628916      0.0056480
     19.3193207      0.0675507      0.0030991      0.0620734      0.0054773
     19.4039993      0.0695781      0.0032853      0.0641425      0.0054356
     19.4886703      0.0682970      0.0022735      0.0628216      0.0054754
     19.5733509      0.0700731      0.0023682      0.0644978      0.0055753
     19.6580296      0.0719489      0.0030386      0.0661608      0.0057881
     19.7427006      0.0720167      0.0020630      0.0658109      0.0062058
     19.8273792      0.0715965      0.0028348      0.0650093      0.0065872
     19.9120598      0.0722312      0.0025461      0.0656957      0.0065356
     19.9967308      0.0741366      0.0018517      0.0678926      0.0062440
     20.0814095      0.0734475      0.0027360      0.0673788      0.0060687
     20.1660900      0.0740340      0.0019043      0.0679751      0.0060589
     20.2507706      0.0734534      0.0027683      0.0674187      0.0060347
     20.3354397      0.0750998      0.0033959      0.0692532      0.0058466
     20.4201202      0.0734559      0.0018203      0.0678343      0.0056216
     20.5048008      0.0728796      0.0074484      0.0674577      0.0054219
     20.5894699      0.0739103      0.0023947      0.0685377      0.0053727
     20.7588291      0.0744887      0.0025379      0.0691188      0.0053699
     20.9281807      0.0757499      0.0016462      0.0704664      0.0052835
     21.0975304      0.0767810      0.0030724      0.0716279      0.0051531
     21.2668896      0.0781462      0.0017125      0.0729779      0.0051684
     21.4362392      0.0789007      0.0034905      0.0736447      0.0052560
     21.6056004      0.0779355      0.0018020      0.0722334      0.0057021
     21.7749500      0.0813526      0.0031140      0.0742379      0.0071147
     21.9442997      0.0808682      0.0025008      0.0743708      0.0064974
     22.1136608      0.0803980      0.0027774      0.0745117      0.0058863
     22.2830105      0.0788572      0.0021032      0.0729343      0.0059229
     22.4523602      0.0791770      0.0016949      0.0731765      0.0060005
     22.6217194      0.0811542      0.0020987      0.0750081      0.0061461
     22.7910709      0.0810061      0.0020781      0.0746682      0.0063379
     22.9604301      0.0813058      0.0021074      0.0748025      0.0065033
     23.1297798      0.0793571      0.0020794      0.0727024      0.0066547
     23.2991295      0.0793998      0.0019906      0.0725990      0.0068008
     23.4684906      0.0802275      0.0049484      0.0732578      0.0069697
     23.6378403      0.0784347      0.0012999      0.0712627      0.0071720
     23.8071899      0.0789559      0.0020906      0.0716221      0.0073339
     23.9765491      0.0793484      0.0017826      0.0718689      0.0074795
     24.1459007      0.0822895      0.0023210      0.0746425      0.0076470
     24.3152599      0.0824362      0.0012632      0.0745824      0.0078538
     24.4846096      0.0821489      0.0017668      0.0740906      0.0080583
     24.6539593      0.0837021      0.0025041      0.0754774      0.0082247
     24.8233204      0.0817257      0.0022675      0.0733531      0.0083726
     24.9926701      0.0824555      0.0027871      0.0738977      0.0085578
     25.1620197      0.0833469      0.0032293      0.0745985      0.0087484
     25.3313808      0.0818907      0.0027728      0.0729327      0.0089580
     25.5007305      0.0848153      0.0029936      0.0756377      0.0091776
     25.6700897      0.0854685      0.0015911      0.0761519      0.0093166
     25.8394394      0.0837681      0.0017807      0.0742058      0.0095623
     26.0087891      0.0851303      0.0027167      0.0750865      0.0100438
     26.1781502      0.0865853      0.0028163      0.0764196      0.0101657
     26.3474998      0.0866170      0.0022967      0.0764711      0.0101459
     26.5168495      0.0869501      0.0021818      0.0767132      0.0102369
     26.6862106      0.0877533      0.0016681      0.0771020      0.0106513
     26.8555603      0.0876883      0.0024883      0.0766404      0.0110479
     27.0249195      0.0864698      0.0015091      0.0751202      0.0113496
     27.1942692      0.0877656      0.0031441      0.0763059      0.0114597
     27.3636208      0.0881254      0.0019708      0.0766191      0.0115063
     27.5329800      0.0875613      0.0016306      0.0758232      0.0117381
     27.7023296      0.0878597      0.0017335      0.0757527      0.0121070
     27.8716793      0.0905170      0.0020523      0.0780198      0.0124972
     28.0410404      0.0884819      0.0023510      0.0758086      0.0126733
     28.2103901      0.0863501      0.0031898      0.0736346      0.0127155
     28.3797493      0.0874274      0.0018756      0.0745957      0.0128317
     28.5491009      0.0878377      0.0023943      0.0746392      0.0131985
     28.7184505      0.0883640      0.0025182      0.0747996      0.0135644
     28.8878098      0.0891713      0.0034782      0.0752418      0.0139295
     29.0571594      0.0895187      0.0027197      0.0753702      0.0141485
     29.2265091      0.0878424      0.0019988      0.0735817      0.0142607
     29.3958702      0.0880419      0.0024027      0.0735986      0.0144433
     29.5652199      0.0877121      0.0027638      0.0729659      0.0147462
     29.7345791      0.0880505      0.0025306      0.0729369      0.0151136
     29.9039307      0.0894337      0.0035403      0.0738116      0.0156221
     30.0732803      0.0963484      0.0047553      0.0801789      0.0161695
     30.2426395      0.0956906      0.0042314      0.0792752      0.0164154
     30.4119892      0.0880606      0.0021744      0.0717120      0.0163486
     30.5813408      0.0888344      0.0052038      0.0723649      0.0164695
     30.7507000      0.0898836      0.0020884      0.0730955      0.0167881
     30.9200497      0.0907685      0.0037643      0.0735931      0.0171754
     31.0894108      0.0886632      0.0037947      0.0710879      0.0175753
     31.2587605      0.0891820      0.0045490      0.0711674      0.0180146
     31.4281101      0.0918201      0.0032194      0.0735241      0.0182960
     31.5974693      0.0905099      0.0026401      0.0720058      0.0185041
     31.7668209      0.0900170      0.0027968      0.0713394      0.0186776
     31.9361706      0.0891228      0.0044323      0.0701580      0.0189648
     32.1055298      0.0905033      0.0040582      0.0710621      0.0194412
     32.2748795      0.0909012      0.0037062      0.0708884      0.0200128
     32.4442406      0.0901359      0.0032450      0.0696478      0.0204881
     32.6135902      0.0924017      0.0048332      0.0715586      0.0208431
     32.7829399      0.0925557      0.0035164      0.0713713      0.0211844
     32.9523010      0.0901202      0.0031931      0.0687472      0.0213730
     33.1216507      0.0917431      0.0043323      0.0703476      0.0213955
     33.2910004      0.0911301      0.0106177      0.0695230      0.0216071
     33.4603615      0.0945021      0.0037262      0.0724985      0.0220036
     33.6297112      0.0877068      0.0057637      0.0651646      0.0225422
     33.7990685      0.0949099      0.0058674      0.0718754      0.0230345
     33.9684181      0.0964140      0.0053912      0.0732483      0.0231657
     34.1377716      0.0915143      0.0066250      0.0678401      0.0236742
     34.3071289      0.0944253      0.0059107      0.0702607      0.0241646
     34.4764786      0.0927315      0.0053463      0.0682495      0.0244820
     34.6458282      0.0896173      0.0038250      0.0649265      0.0246908
     34.8151894      0.0898011      0.0040025      0.0649431      0.0248580
     34.9845390      0.0933009      0.0051590      0.0677260      0.0255749
     35.1539001      0.0943944      0.0047890      0.0683898      0.0260046
     35.3232498      0.0908512      0.0052378      0.0644916      0.0263596
     35.4925995      0.0921710      0.0073430      0.0654309      0.0267401
     35.6619606      0.0933164      0.0088248      0.0662433      0.0270731
     35.8313103      0.0921050      0.0253872      0.0644174      0.0276876
     36.0006599      0.0931674      0.0097650      0.0652466      0.0279209
     36.1700211      0.0941963      0.0140339      0.0662181      0.0279782
     36.3393707      0.0908689      0.0057705      0.0625849      0.0282840
     36.5087318      0.0955462      0.0071793      0.0664620      0.0290842
     36.6780815      0.0975201      0.0067768      0.0676537      0.0298664
     36.8474312      0.0914935      0.0065698      0.0613778      0.0301157
     37.0167885      0.0948987      0.0074489      0.0643812      0.0305175
     37.1861382      0.1034932      0.0117374      0.0722496      0.0312436
     37.3554916      0.0979003      0.0086219      0.0659077      0.0319926
