FORPRINT: Wed Jul 20 17:11:05 2022
      5.2474899      0.0011647      0.0008824            NaN            NaN
      5.2777300      0.0013306      0.0010995            NaN            NaN
      5.3079700      0.0008772      0.0007620            NaN            NaN
      5.3382101      0.0012984      0.0006731            NaN            NaN
      5.3684602      0.0012535      0.0004714            NaN            NaN
      5.3987002      0.0008938      0.0003110            NaN            NaN
      5.4289398      0.0011320      0.0005420            NaN            NaN
      5.4591799      0.0016117      0.0004054            NaN            NaN
      5.4894199      0.0012016      0.0007577            NaN            NaN
      5.5196700      0.0016777      0.0002598            NaN            NaN
      5.5499101      0.0013449      0.0004571            NaN            NaN
      5.5801501      0.0014421      0.0003731            NaN            NaN
      5.6103902      0.0013640      0.0003569            NaN            NaN
      5.6406298      0.0016457      0.0003137            NaN            NaN
      5.6708798      0.0017521      0.0002028            NaN            NaN
      5.7011199      0.0017445      0.0002099            NaN            NaN
      5.7313600      0.0016052      0.0004361            NaN            NaN
      5.7616000      0.0016852      0.0002630            NaN            NaN
      5.7918401      0.0016103      0.0004526            NaN            NaN
      5.8220901      0.0015684      0.0003107            NaN            NaN
      5.8523302      0.0018400      0.0003428            NaN            NaN
      5.8825698      0.0017337      0.0002542            NaN            NaN
      5.9128098      0.0018628      0.0002545            NaN            NaN
      5.9430499      0.0017127      0.0002724            NaN            NaN
      5.9733000      0.0016403      0.0002439            NaN            NaN
      6.0035400      0.0020304      0.0003316            NaN            NaN
      6.0337801      0.0019306      0.0004403            NaN            NaN
      6.0640202      0.0017976      0.0014342            NaN            NaN
      6.0942602      0.0018269      0.0005328            NaN            NaN
      6.1245098      0.0019488      0.0004445            NaN            NaN
      6.1547499      0.0017534      0.0003164            NaN            NaN
      6.1849899      0.0018741      0.0003737            NaN            NaN
      6.2152300      0.0021904      0.0002471            NaN            NaN
      6.2454700      0.0017782      0.0003315            NaN            NaN
      6.2757201      0.0020205      0.0004146            NaN            NaN
      6.3059602      0.0020552      0.0002262            NaN            NaN
      6.3362002      0.0017629      0.0004950            NaN            NaN
      6.3664398      0.0019669      0.0003073            NaN            NaN
      6.3966799      0.0019264      0.0002404            NaN            NaN
      6.4269300      0.0021320      0.0003445            NaN            NaN
      6.4571700      0.0019245      0.0005420            NaN            NaN
      6.4874101      0.0020451      0.0007559            NaN            NaN
      6.5176501      0.0020056      0.0006900            NaN            NaN
      6.5478902      0.0022029      0.0002915            NaN            NaN
      6.5781398      0.0021173      0.0005276            NaN            NaN
      6.6083798      0.0018627      0.0003162            NaN            NaN
      6.6386199      0.0020480      0.0003986            NaN            NaN
      6.6688600      0.0023680      0.0006919            NaN            NaN
      6.6991000      0.0020246      0.0004202            NaN            NaN
      6.7293501      0.0021200      0.0004025            NaN            NaN
      6.7595901      0.0018398      0.0006408            NaN            NaN
      6.7898302      0.0022940      0.0004299            NaN            NaN
      6.8200698      0.0024757      0.0004761            NaN            NaN
      6.8503098      0.0021168      0.0006202            NaN            NaN
      6.8805599      0.0022930      0.0010335            NaN            NaN
      6.9108000      0.0023226      0.0008713            NaN            NaN
      6.9410400      0.0022268      0.0015188            NaN            NaN
      6.9712801      0.0022500      0.0003183            NaN            NaN
      7.0015202      0.0029698      0.0003715            NaN            NaN
      7.0317702      0.0026222      0.0023113            NaN            NaN
      7.0620098      0.0028377      0.0005516            NaN            NaN
      7.0922499      0.0025075      0.0005954            NaN            NaN
      7.1224899      0.0030501      0.0010026            NaN            NaN
      7.1527300      0.0024193      0.0005883            NaN            NaN
      7.1829801      0.0020230      0.0005203            NaN            NaN
      7.2132201      0.0024180      0.0003296            NaN            NaN
      7.2434602      0.0023746      0.0003858            NaN            NaN
      7.2737002      0.0030407      0.0007053            NaN            NaN
      7.3039398      0.0032330      0.0007728            NaN            NaN
      7.3341899      0.0022537      0.0006653            NaN            NaN
      7.3644300      0.0022528      0.0008259            NaN            NaN
      7.3946700      0.0025031      0.0005583            NaN            NaN
      7.4249101      0.0025184      0.0011990            NaN            NaN
      7.4551501      0.0025498      0.0014446            NaN            NaN
      7.4551501      0.0027169      0.0005744            NaN            NaN
      7.4854002      0.0031779      0.0007503            NaN            NaN
      7.5156398      0.0026402      0.0009538            NaN            NaN
      7.5761199      0.0028277      0.0005794            NaN            NaN
      7.5761199      0.0023105      0.0004251            NaN            NaN
      7.6366000      0.0025460      0.0006615            NaN            NaN
      7.6366000      0.0027338      0.0003257            NaN            NaN
      7.6970901      0.0026395      0.0006200            NaN            NaN
      7.6970901      0.0026002      0.0008153            NaN            NaN
      7.7575698      0.0030555      0.0005977            NaN            NaN
      7.7575698      0.0025288      0.0003076            NaN            NaN
      7.8180499      0.0022804      0.0008979            NaN            NaN
      7.8180499      0.0029123      0.0005258            NaN            NaN
      7.8785400      0.0026198      0.0009493            NaN            NaN
      7.8785400      0.0027019      0.0005215            NaN            NaN
      7.9390202      0.0035369      0.0007373            NaN            NaN
      7.9390202      0.0028228      0.0003431            NaN            NaN
      7.9995098      0.0031745      0.0007649            NaN            NaN
      7.9995098      0.0029356      0.0004852            NaN            NaN
      8.0599899      0.0027252      0.0004894            NaN            NaN
      8.0599899      0.0031907      0.0006363            NaN            NaN
      8.1204700      0.0027076      0.0006029            NaN            NaN
      8.1204700      0.0030703      0.0004776            NaN            NaN
      8.1809597      0.0029738      0.0004019            NaN            NaN
      8.1809597      0.0032541      0.0002467            NaN            NaN
      8.2414398      0.0029697      0.0010964            NaN            NaN
      8.2414398      0.0031921      0.0002475            NaN            NaN
      8.3019199      0.0026483      0.0006993            NaN            NaN
      8.3019199      0.0031023      0.0004171            NaN            NaN
      8.3624096      0.0027522      0.0006374            NaN            NaN
      8.3624096      0.0034327            NaN            NaN            NaN
      8.4228897      0.0030559      0.0018689            NaN            NaN
      8.4228897            NaN            NaN            NaN            NaN
      8.4833698      0.0030153      0.0004881            NaN            NaN
      8.4833698            NaN            NaN            NaN            NaN
      8.5438604      0.0031287      0.0004747            NaN            NaN
      8.6043396      0.0032809      0.0004752            NaN            NaN
      8.6648302      0.0034713      0.0004846            NaN            NaN
      8.7253103      0.0032924      0.0004749            NaN            NaN
      8.7857904      0.0027737      0.0004744            NaN            NaN
      8.8462801      0.0031769      0.0010549            NaN            NaN
      8.9067602      0.0029513      0.0005414            NaN            NaN
      8.9672403      0.0031164      0.0011527            NaN            NaN
      9.0277300      0.0032258      0.0004059            NaN            NaN
      9.0882101      0.0032063      0.0005873            NaN            NaN
      9.1486902      0.0032751      0.0005296            NaN            NaN
      9.2091799      0.0031044      0.0006592            NaN            NaN
      9.2696600      0.0031300      0.0004826            NaN            NaN
      9.3301497      0.0033741      0.0004041            NaN            NaN
      9.3906298      0.0030465      0.0005725            NaN            NaN
      9.4511099      0.0029430      0.0004866            NaN            NaN
      9.5115995      0.0033243      0.0004347            NaN            NaN
      9.5720797      0.0031568      0.0004323            NaN            NaN
      9.6325598      0.0033778      0.0009411            NaN            NaN
      9.6930504      0.0033169      0.0005555            NaN            NaN
      9.7535295      0.0033598      0.0006378            NaN            NaN
      9.8140097      0.0037563      0.0006389            NaN            NaN
      9.8745003      0.0037224      0.0004496            NaN            NaN
      9.9349804      0.0038584      0.0004728            NaN            NaN
      9.9954700      0.0038034      0.0003836            NaN            NaN
     10.0559502      0.0037614      0.0006273            NaN            NaN
     10.1164303      0.0040296      0.0005813            NaN            NaN
     10.1769199      0.0037280      0.0004129            NaN            NaN
     10.2374001      0.0035835      0.0007367            NaN            NaN
     10.2978802      0.0038507      0.0005590            NaN            NaN
     10.3583698      0.0043013      0.0006465            NaN            NaN
     10.4188499      0.0037567      0.0006131            NaN            NaN
     10.4793301      0.0036201      0.0006845            NaN            NaN
     10.5398197      0.0035760      0.0005306            NaN            NaN
     10.6002998      0.0033909      0.0006535            NaN            NaN
     10.6607904      0.0039091      0.0006072            NaN            NaN
     10.7212696      0.0039912      0.0006881            NaN            NaN
     10.7817497      0.0038251      0.0006974            NaN            NaN
     10.8422403      0.0037658      0.0007777            NaN            NaN
     10.9027205      0.0038523      0.0005886            NaN            NaN
     10.9631996      0.0037476      0.0005591            NaN            NaN
     11.0236902      0.0042065      0.0005309            NaN            NaN
     11.0841703      0.0041211      0.0007068            NaN            NaN
     11.1446505      0.0038964      0.0007233            NaN            NaN
     11.2051401      0.0040418      0.0008553            NaN            NaN
     11.2656202      0.0039528      0.0006720            NaN            NaN
     11.3261099      0.0040087      0.0006909            NaN            NaN
     11.3865900      0.0042914      0.0005449            NaN            NaN
     11.4470701      0.0038790      0.0006098            NaN            NaN
     11.5075598      0.0037694      0.0006119            NaN            NaN
     11.5680399      0.0041471      0.0009102            NaN            NaN
     11.6285200      0.0043038      0.0007133            NaN            NaN
     11.6890097      0.0039029      0.0006285            NaN            NaN
     11.7494898      0.0040530      0.0016637            NaN            NaN
     11.8099699      0.0041880      0.0007148            NaN            NaN
     11.8704596      0.0043370      0.0005950            NaN            NaN
     11.9309397      0.0037954      0.0006153            NaN            NaN
     11.9914303      0.0035301      0.0007930            NaN            NaN
     12.0519104      0.0042784      0.0008959            NaN            NaN
     12.1123896      0.0042170      0.0014726            NaN            NaN
     12.1728802      0.0046649      0.0007969            NaN            NaN
     12.2333603      0.0044348      0.0006041            NaN            NaN
     12.2938404      0.0040318      0.0005927            NaN            NaN
     12.3543301      0.0039741      0.0006672            NaN            NaN
     12.4148102      0.0041848      0.0012012            NaN            NaN
     12.4752903      0.0043408      0.0006748            NaN            NaN
     12.5357800      0.0042248      0.0007180            NaN            NaN
     12.5962601      0.0040247      0.0007242            NaN            NaN
     12.6567497      0.0041944      0.0006545            NaN            NaN
     12.7172298      0.0043691      0.0008109            NaN            NaN
     12.7777100      0.0042202      0.0010539            NaN            NaN
     12.8381996      0.0043069      0.0013985            NaN            NaN
     12.8986797      0.0044244      0.0009765            NaN            NaN
     12.9591599      0.0045970      0.0009225            NaN            NaN
     13.0196505      0.0049588      0.0007004            NaN            NaN
     13.0801296      0.0045416      0.0017542            NaN            NaN
     13.1406097      0.0040162      0.0010102            NaN            NaN
     13.2011003      0.0048192      0.0007781            NaN            NaN
     13.2615805      0.0048137      0.0007767            NaN            NaN
     13.3220596      0.0040870      0.0012855            NaN            NaN
     13.3825502      0.0044979      0.0008315            NaN            NaN
     13.4430304      0.0048474      0.0008514            NaN            NaN
     13.5035200      0.0050955      0.0007358            NaN            NaN
     13.5640001      0.0049404      0.0011038            NaN            NaN
     13.6244802      0.0045708      0.0017759            NaN            NaN
     13.6849699      0.0043666      0.0009815            NaN            NaN
     13.7454500      0.0043851      0.0008491            NaN            NaN
     13.8059301      0.0046850      0.0011149            NaN            NaN
     13.8664198      0.0040756      0.0009697            NaN            NaN
     13.9268999      0.0045701      0.0012414            NaN            NaN
     13.9873800      0.0043920      0.0024887            NaN            NaN
     14.0693502      0.0048487      0.0019350            NaN            NaN
     14.1540298      0.0052147      0.0009918            NaN            NaN
     14.2387104      0.0047843      0.0012134            NaN            NaN
     14.3233805      0.0048954      0.0012485            NaN            NaN
     14.4080601      0.0041192      0.0011713            NaN            NaN
     14.4927397      0.0040534      0.0008686            NaN            NaN
     14.5774097      0.0046304      0.0010751            NaN            NaN
     14.6620903      0.0048082      0.0008899            NaN            NaN
     14.7467699      0.0056065      0.0013886            NaN            NaN
     14.8314505      0.0048505      0.0008444            NaN            NaN
     14.9161196      0.0046712      0.0012610            NaN            NaN
     15.0008001      0.0050399      0.0013037            NaN            NaN
     15.0854797      0.0055770      0.0008461            NaN            NaN
     15.1701498      0.0046015      0.0006192            NaN            NaN
     15.2548304      0.0040181      0.0007979            NaN            NaN
     15.3395100      0.0044484      0.0006096            NaN            NaN
     15.4241800      0.0046874      0.0007495            NaN            NaN
     15.5088596      0.0040127      0.0008717            NaN            NaN
     15.5935402      0.0040848      0.0009403            NaN            NaN
     15.6782103      0.0050838      0.0007160            NaN            NaN
     15.7628899      0.0045535      0.0005931            NaN            NaN
     15.8475704      0.0046074      0.0007651            NaN            NaN
     15.9322395      0.0049300      0.0009461            NaN            NaN
     16.0169201      0.0044521      0.0023521            NaN            NaN
     16.1016006      0.0047875      0.0009589            NaN            NaN
     16.1862793      0.0040431      0.0009402            NaN            NaN
     16.2709503      0.0051299      0.0041438            NaN            NaN
     16.3556309      0.0053609      0.0016164            NaN            NaN
     16.4403095      0.0050503      0.0017649            NaN            NaN
     16.5249805      0.0036150      0.0018633            NaN            NaN
     16.6096592      0.0059620      0.0010256            NaN            NaN
     16.6943398      0.0051572      0.0007947            NaN            NaN
     16.7790108      0.0046266      0.0010896            NaN            NaN
     16.8636894      0.0051958      0.0017551            NaN            NaN
     16.9483700      0.0052892      0.0010376            NaN            NaN
     17.0330391      0.0047882      0.0014919            NaN            NaN
     17.1177197      0.0062334      0.0011167            NaN            NaN
     17.2024002      0.0038061      0.0008979            NaN            NaN
     17.2870693      0.0046914      0.0009503            NaN            NaN
     17.3717499      0.0046223      0.0011370            NaN            NaN
     17.4564304      0.0046189      0.0011526            NaN            NaN
     17.5411091      0.0048163      0.0014870            NaN            NaN
     17.6257801      0.0050873      0.0013973            NaN            NaN
     17.7104607      0.0048471      0.0011619            NaN            NaN
     17.7951393      0.0053522      0.0015471            NaN            NaN
     17.8798103      0.0052742      0.0014619            NaN            NaN
     17.9644909      0.0048637      0.0029848            NaN            NaN
     18.0491695      0.0052723      0.0013190            NaN            NaN
     18.1338406      0.0058570      0.0017168            NaN            NaN
     18.2185192      0.0046899      0.0018608            NaN            NaN
     18.3031998      0.0050145      0.0014250            NaN            NaN
     18.3878708      0.0057164      0.0016454            NaN            NaN
     18.4725494      0.0066082      0.0013714            NaN            NaN
     18.5572300      0.0060836      0.0013589            NaN            NaN
     18.6418991      0.0057256      0.0032887            NaN            NaN
     18.7265797      0.0058635      0.0016612            NaN            NaN
     18.8112602      0.0055083      0.0019259            NaN            NaN
     18.8959408      0.0055793      0.0027825            NaN            NaN
     18.9806099      0.0056704      0.0010487            NaN            NaN
     19.0652905      0.0062547      0.0021355            NaN            NaN
     19.1499691      0.0056368      0.0016107            NaN            NaN
     19.2346401      0.0062311      0.0008777            NaN            NaN
     19.3193207      0.0044673      0.0015088            NaN            NaN
     19.4039993      0.0039817      0.0022852            NaN            NaN
     19.4886703      0.0047501      0.0016847            NaN            NaN
     19.5733509      0.0066858      0.0014620            NaN            NaN
     19.6580296      0.0056656      0.0031904            NaN            NaN
     19.7427006      0.0059701      0.0021317            NaN            NaN
     19.8273792      0.0057827      0.0016151            NaN            NaN
     19.9120598      0.0053400      0.0012581            NaN            NaN
     19.9120598      0.0059110      0.0016530            NaN            NaN
     19.9967308      0.0054445      0.0024013            NaN            NaN
     20.0814095      0.0055407      0.0015192            NaN            NaN
     20.0814095      0.0053315      0.0015020            NaN            NaN
     20.1660900      0.0058627      0.0015683            NaN            NaN
     20.2507706      0.0048720      0.0016491            NaN            NaN
     20.2507706      0.0047927      0.0010873            NaN            NaN
     20.3354397      0.0049695      0.0021557            NaN            NaN
     20.4201202      0.0059800      0.0024121            NaN            NaN
     20.4201202      0.0065075      0.0014070            NaN            NaN
     20.5048008      0.0055189      0.0066568            NaN            NaN
     20.5894699      0.0058894      0.0007663            NaN            NaN
     20.5894699      0.0051442      0.0009406            NaN            NaN
     20.7588291      0.0058949      0.0006880            NaN            NaN
     20.7588291      0.0054242      0.0016141            NaN            NaN
     20.9281807      0.0059752      0.0006788            NaN            NaN
     20.9281807      0.0051255      0.0016009            NaN            NaN
     21.0975304      0.0059440      0.0007599            NaN            NaN
     21.0975304      0.0065387      0.0021149            NaN            NaN
     21.2668896      0.0059281      0.0006071            NaN            NaN
     21.2668896      0.0058367      0.0007610            NaN            NaN
     21.4362392      0.0061110      0.0006850            NaN            NaN
     21.4362392      0.0044663      0.0040153            NaN            NaN
     21.6056004      0.0059135      0.0004502            NaN            NaN
     21.7749500      0.0059058      0.0005684            NaN            NaN
     21.9442997      0.0058064      0.0007080            NaN            NaN
     22.1136608      0.0058141      0.0006538            NaN            NaN
     22.2830105      0.0061649      0.0005251            NaN            NaN
     22.4523602      0.0060587      0.0006746            NaN            NaN
     22.6217194      0.0060443      0.0017218            NaN            NaN
     22.7910709      0.0057708      0.0006399            NaN            NaN
     22.9604301      0.0060992      0.0006398            NaN            NaN
     23.1297798      0.0061452      0.0004351            NaN            NaN
     23.2991295      0.0059673      0.0004396            NaN            NaN
     23.4684906      0.0057642      0.0004889            NaN            NaN
     23.6378403      0.0059170      0.0003626            NaN            NaN
     23.8071899      0.0060085      0.0002961            NaN            NaN
     23.9765491      0.0063298      0.0004217            NaN            NaN
     24.1459007      0.0062993      0.0007703            NaN            NaN
     24.3152599      0.0065816      0.0007396            NaN            NaN
     24.4846096      0.0067311      0.0013753            NaN            NaN
     24.6539593      0.0066261      0.0004165            NaN            NaN
     24.8233204      0.0066418      0.0011174            NaN            NaN
     24.9926701      0.0065834      0.0005922            NaN            NaN
     25.1620197      0.0064326      0.0005573            NaN            NaN
     25.3313808      0.0067992      0.0007244            NaN            NaN
     25.5007305      0.0068978      0.0003915            NaN            NaN
     25.6700897      0.0068473      0.0004788            NaN            NaN
     25.8394394      0.0072667      0.0007942            NaN            NaN
     26.0087891      0.0065561      0.0004488            NaN            NaN
     26.1781502      0.0070516      0.0003626            NaN            NaN
     26.3474998      0.0063180      0.0005897            NaN            NaN
     26.5168495      0.0063342      0.0007006            NaN            NaN
     26.6862106      0.0069382      0.0005713            NaN            NaN
     26.8555603      0.0067871      0.0008168            NaN            NaN
     27.0249195      0.0070463      0.0005519            NaN            NaN
     27.1942692      0.0073701      0.0004284            NaN            NaN
     27.3636208      0.0070173      0.0007502            NaN            NaN
     27.5329800      0.0072206      0.0003954            NaN            NaN
     27.7023296      0.0070507      0.0005523            NaN            NaN
     27.8716793      0.0072174      0.0004066            NaN            NaN
     28.0410404      0.0069840      0.0006049            NaN            NaN
     28.2103901      0.0078580      0.0007187            NaN            NaN
     28.3797493      0.0073079      0.0004176            NaN            NaN
     28.5491009      0.0073716      0.0009522            NaN            NaN
     28.7184505      0.0073477      0.0011410            NaN            NaN
     28.8878098      0.0072192      0.0011360            NaN            NaN
     29.0571594      0.0077622      0.0007888            NaN            NaN
     29.2265091      0.0076707      0.0005632            NaN            NaN
     29.3958702      0.0071298      0.0005362            NaN            NaN
     29.5652199      0.0076321      0.0005647            NaN            NaN
     29.7345791      0.0080288      0.0004993            NaN            NaN
     29.9039307      0.0075753      0.0004631            NaN            NaN
     30.0732803      0.0072866      0.0004846            NaN            NaN
     30.2426395      0.0071375      0.0007478            NaN            NaN
     30.4119892      0.0073792      0.0007010            NaN            NaN
     30.5813408      0.0077723      0.0007788            NaN            NaN
     30.7507000      0.0077323      0.0020420            NaN            NaN
     30.9200497      0.0082365      0.0008825            NaN            NaN
     31.0894108      0.0072859      0.0006321            NaN            NaN
     31.2587605      0.0068580      0.0011734            NaN            NaN
     31.4281101      0.0078497      0.0006386            NaN            NaN
     31.5974693      0.0073185      0.0009710            NaN            NaN
     31.7668209      0.0082584      0.0011941            NaN            NaN
     31.9361706      0.0074683      0.0012074            NaN            NaN
     32.1055298      0.0076818      0.0010674            NaN            NaN
     32.2748795      0.0077433      0.0010178            NaN            NaN
     32.4442406      0.0075615      0.0008157            NaN            NaN
     32.6135902      0.0085315      0.0009806            NaN            NaN
     32.7829399      0.0080254      0.0012444            NaN            NaN
     32.9523010      0.0073383      0.0007991            NaN            NaN
     33.1216507      0.0082056      0.0012105            NaN            NaN
     33.2910004      0.0076969      0.0010633            NaN            NaN
     33.4603615      0.0080729      0.0035385            NaN            NaN
     33.6297112      0.0086687      0.0017574            NaN            NaN
     33.7990685      0.0080604      0.0041067            NaN            NaN
     33.9684181      0.0071623      0.0018820            NaN            NaN
     34.1377716      0.0087168      0.0014841            NaN            NaN
     34.3071289      0.0085253      0.0013387            NaN            NaN
     34.4764786      0.0084846      0.0019638            NaN            NaN
     34.6458282      0.0091643      0.0013674            NaN            NaN
     34.8151894      0.0074796      0.0017012            NaN            NaN
     34.9845390      0.0078772      0.0022533            NaN            NaN
     35.1539001      0.0083587      0.0040816            NaN            NaN
     35.3232498      0.0062525      0.0021597            NaN            NaN
     35.4925995      0.0081089      0.0029965            NaN            NaN
     35.6619606      0.0085209      0.0030409            NaN            NaN
     35.8313103      0.0078941      0.0062603            NaN            NaN
     36.0006599      0.0095906      0.0029075            NaN            NaN
     36.1700211      0.0087545      0.0035756            NaN            NaN
     36.3393707      0.0079044      0.0035617            NaN            NaN
     36.5087318      0.0043985      0.0038119            NaN            NaN
     36.6780815      0.0084840      0.0039424            NaN            NaN
     36.8474312      0.0124067      0.0038936            NaN            NaN
     37.0167885      0.0089695      0.0038307            NaN            NaN
     37.1861382      0.0094546      0.0054345            NaN            NaN
     37.3554916      0.0108316      0.0047511            NaN            NaN
