FORPRINT: Wed Jul 20 17:11:05 2022
      5.2474899      0.0027614      0.0005311            NaN            NaN
      5.2777300      0.0030699      0.0004533            NaN            NaN
      5.3079700      0.0032249      0.0009769            NaN            NaN
      5.3382101      0.0032884      0.0010351            NaN            NaN
      5.3684602      0.0036617      0.0004958            NaN            NaN
      5.3987002      0.0033649      0.0004193            NaN            NaN
      5.4289398      0.0035269      0.0004299            NaN            NaN
      5.4591799      0.0035173      0.0006802            NaN            NaN
      5.4894199      0.0035297      0.0008310            NaN            NaN
      5.5196700      0.0035755      0.0003706            NaN            NaN
      5.5499101      0.0035330      0.0003050            NaN            NaN
      5.5801501      0.0035915      0.0004168            NaN            NaN
      5.6103902      0.0033956      0.0002689            NaN            NaN
      5.6406298      0.0035995      0.0003342            NaN            NaN
      5.6708798      0.0036298      0.0002639            NaN            NaN
      5.7011199      0.0035840      0.0006222            NaN            NaN
      5.7313600      0.0038016      0.0002311            NaN            NaN
      5.7616000      0.0036205      0.0002625            NaN            NaN
      5.7918401      0.0036959      0.0002634            NaN            NaN
      5.8220901      0.0036106      0.0003561            NaN            NaN
      5.8523302      0.0037193      0.0002995            NaN            NaN
      5.8825698      0.0036361      0.0005733            NaN            NaN
      5.9128098      0.0036905      0.0004036            NaN            NaN
      5.9430499      0.0037029      0.0003222            NaN            NaN
      5.9733000      0.0040635      0.0003256            NaN            NaN
      6.0035400      0.0039114      0.0003619            NaN            NaN
      6.0337801      0.0035522      0.0004047            NaN            NaN
      6.0640202      0.0036720      0.0003479            NaN            NaN
      6.0942602      0.0038121      0.0004092            NaN            NaN
      6.1245098      0.0039894      0.0009475            NaN            NaN
      6.1547499      0.0040012      0.0012164            NaN            NaN
      6.1849899      0.0043793      0.0007144            NaN            NaN
      6.2152300      0.0042813      0.0004111            NaN            NaN
      6.2454700      0.0041337      0.0003283            NaN            NaN
      6.2757201      0.0039864      0.0005249            NaN            NaN
      6.3059602      0.0040961      0.0005186            NaN            NaN
      6.3362002      0.0042417      0.0003614            NaN            NaN
      6.3664398      0.0041220      0.0003268            NaN            NaN
      6.3966799      0.0042178      0.0003998            NaN            NaN
      6.4269300      0.0041815      0.0003116            NaN            NaN
      6.4571700      0.0041690      0.0004775            NaN            NaN
      6.4874101      0.0039968      0.0003376            NaN            NaN
      6.5176501      0.0042232      0.0005782            NaN            NaN
      6.5478902      0.0040700      0.0003060            NaN            NaN
      6.5781398      0.0044394      0.0003513            NaN            NaN
      6.6083798      0.0045048      0.0003598            NaN            NaN
      6.6386199      0.0043402      0.0004205            NaN            NaN
      6.6688600      0.0043385      0.0006028            NaN            NaN
      6.6991000      0.0043718      0.0003626            NaN            NaN
      6.7293501      0.0042034      0.0005367            NaN            NaN
      6.7595901      0.0041799      0.0007724            NaN            NaN
      6.7898302      0.0045454      0.0005186            NaN            NaN
      6.8200698      0.0046514      0.0006655            NaN            NaN
      6.8503098      0.0048183      0.0005322            NaN            NaN
      6.8805599      0.0049588      0.0006401            NaN            NaN
      6.9108000      0.0047024      0.0006463            NaN            NaN
      6.9410400      0.0041563      0.0007003            NaN            NaN
      6.9712801      0.0047644      0.0015636            NaN            NaN
      7.0015202      0.0047349      0.0014251            NaN            NaN
      7.0317702      0.0046440      0.0007138            NaN            NaN
      7.0620098      0.0046959      0.0006234            NaN            NaN
      7.0922499      0.0045342      0.0006686            NaN            NaN
      7.1224899      0.0049207      0.0005114            NaN            NaN
      7.1527300      0.0048865      0.0004680            NaN            NaN
      7.1829801      0.0048284      0.0005999            NaN            NaN
      7.2132201      0.0045835      0.0004996            NaN            NaN
      7.2434602      0.0044394      0.0006563            NaN            NaN
      7.2737002      0.0048596      0.0006015            NaN            NaN
      7.3039398      0.0048056      0.0005466            NaN            NaN
      7.3341899      0.0045923      0.0005242            NaN            NaN
      7.3644300      0.0049495      0.0005176            NaN            NaN
      7.3946700      0.0047563      0.0009895            NaN            NaN
      7.4249101      0.0046168      0.0017433            NaN            NaN
      7.4551501            NaN            NaN            NaN            NaN
      7.4551501      0.0044927      0.0003991            NaN            NaN
      7.4854002            NaN            NaN            NaN            NaN
      7.5156398      0.0045518      0.0004231            NaN            NaN
      7.5761199      0.0047573      0.0006286            NaN            NaN
      7.5761199      0.0045255      0.0003422            NaN            NaN
      7.6366000      0.0049194      0.0005338            NaN            NaN
      7.6366000      0.0046824      0.0004124            NaN            NaN
      7.6970901      0.0051721      0.0005067            NaN            NaN
      7.6970901      0.0045078      0.0006786            NaN            NaN
      7.7575698      0.0047671      0.0005031            NaN            NaN
      7.7575698      0.0049880      0.0004661            NaN            NaN
      7.8180499      0.0049781      0.0003356            NaN            NaN
      7.8180499      0.0048564      0.0005059            NaN            NaN
      7.8785400      0.0052195      0.0003257            NaN            NaN
      7.8785400      0.0048831      0.0007005            NaN            NaN
      7.9390202      0.0048065      0.0003161            NaN            NaN
      7.9390202      0.0050555      0.0003790            NaN            NaN
      7.9995098      0.0048790      0.0003190            NaN            NaN
      7.9995098      0.0049582      0.0003535            NaN            NaN
      8.0599899      0.0050420      0.0003394            NaN            NaN
      8.0599899      0.0050420      0.0004273            NaN            NaN
      8.1204700      0.0050566      0.0003571            NaN            NaN
      8.1204700      0.0048236      0.0003778            NaN            NaN
      8.1809597      0.0050963      0.0004680            NaN            NaN
      8.1809597      0.0049661      0.0005069            NaN            NaN
      8.2414398      0.0050770      0.0005891            NaN            NaN
      8.2414398      0.0052297      0.0002832            NaN            NaN
      8.3019199      0.0049934      0.0011010            NaN            NaN
      8.3019199      0.0051963      0.0002599            NaN            NaN
      8.3624096      0.0044182      0.0004650            NaN            NaN
      8.3624096      0.0049176      0.0002776            NaN            NaN
      8.4228897      0.0051150      0.0011150            NaN            NaN
      8.4228897      0.0043803      0.0012734            NaN            NaN
      8.4833698      0.0051717      0.0005805            NaN            NaN
      8.4833698      0.0042777      0.0007045            NaN            NaN
      8.5438604      0.0053031      0.0003769            NaN            NaN
      8.6043396      0.0052352      0.0003568            NaN            NaN
      8.6648302      0.0050646      0.0003512            NaN            NaN
      8.7253103      0.0052689      0.0003786            NaN            NaN
      8.7857904      0.0054106      0.0004401            NaN            NaN
      8.8462801      0.0052614      0.0003414            NaN            NaN
      8.9067602      0.0051932      0.0003391            NaN            NaN
      8.9672403      0.0053394      0.0009762            NaN            NaN
      9.0277300      0.0053482      0.0005345            NaN            NaN
      9.0882101      0.0053540      0.0006259            NaN            NaN
      9.1486902      0.0054244      0.0002969            NaN            NaN
      9.2091799      0.0054902      0.0003680            NaN            NaN
      9.2696600      0.0056679      0.0004368            NaN            NaN
      9.3301497      0.0056700      0.0003956            NaN            NaN
      9.3906298      0.0055883      0.0004352            NaN            NaN
      9.4511099      0.0054092      0.0004965            NaN            NaN
      9.5115995      0.0055140      0.0004157            NaN            NaN
      9.5720797      0.0056087      0.0003398            NaN            NaN
      9.6325598      0.0056282      0.0003602            NaN            NaN
      9.6930504      0.0056698      0.0003771            NaN            NaN
      9.7535295      0.0054048      0.0004026            NaN            NaN
      9.8140097      0.0054513      0.0003865            NaN            NaN
      9.8745003      0.0056304      0.0004382            NaN            NaN
      9.9349804      0.0056548      0.0004427            NaN            NaN
      9.9954700      0.0056763      0.0005174            NaN            NaN
     10.0559502      0.0056465      0.0005111            NaN            NaN
     10.1164303      0.0056653      0.0003650            NaN            NaN
     10.1769199      0.0056025      0.0003088            NaN            NaN
     10.2374001      0.0054415      0.0004135            NaN            NaN
     10.2978802      0.0054434      0.0004419            NaN            NaN
     10.3583698      0.0058667      0.0004678            NaN            NaN
     10.4188499      0.0059238      0.0003654            NaN            NaN
     10.4793301      0.0057994      0.0005873            NaN            NaN
     10.5398197      0.0057083      0.0003679            NaN            NaN
     10.6002998      0.0056268      0.0004783            NaN            NaN
     10.6607904      0.0058347      0.0008356            NaN            NaN
     10.7212696      0.0055228      0.0003745            NaN            NaN
     10.7817497      0.0058903      0.0004152            NaN            NaN
     10.8422403      0.0058701      0.0007384            NaN            NaN
     10.9027205      0.0060351      0.0005047            NaN            NaN
     10.9631996      0.0059963      0.0004678            NaN            NaN
     11.0236902      0.0058722      0.0004264            NaN            NaN
     11.0841703      0.0059787      0.0004215            NaN            NaN
     11.1446505      0.0059969      0.0004075            NaN            NaN
     11.2051401      0.0059996      0.0004417            NaN            NaN
     11.2656202      0.0059701      0.0009942            NaN            NaN
     11.3261099      0.0058483      0.0003689            NaN            NaN
     11.3865900      0.0059698      0.0004915            NaN            NaN
     11.4470701      0.0059990      0.0004381            NaN            NaN
     11.5075598      0.0059883      0.0010816            NaN            NaN
     11.5680399      0.0058790      0.0006173            NaN            NaN
     11.6285200      0.0060435      0.0005264            NaN            NaN
     11.6890097      0.0059299      0.0004037            NaN            NaN
     11.7494898      0.0061711      0.0005066            NaN            NaN
     11.8099699      0.0060966      0.0009448            NaN            NaN
     11.8704596      0.0060983      0.0007854            NaN            NaN
     11.9309397      0.0059377      0.0005953            NaN            NaN
     11.9914303      0.0064171      0.0005642            NaN            NaN
     12.0519104      0.0060505      0.0005928            NaN            NaN
     12.1123896      0.0060983      0.0007993            NaN            NaN
     12.1728802      0.0063598      0.0009214            NaN            NaN
     12.2333603      0.0062040      0.0007867            NaN            NaN
     12.2938404      0.0063198      0.0005778            NaN            NaN
     12.3543301      0.0060219      0.0004865            NaN            NaN
     12.4148102      0.0059670      0.0004757            NaN            NaN
     12.4752903      0.0061891      0.0005060            NaN            NaN
     12.5357800      0.0063204      0.0004925            NaN            NaN
     12.5962601      0.0061793      0.0004602            NaN            NaN
     12.6567497      0.0061373      0.0004769            NaN            NaN
     12.7172298      0.0062653      0.0008161            NaN            NaN
     12.7777100      0.0061306      0.0004954            NaN            NaN
     12.8381996      0.0062214      0.0006891            NaN            NaN
     12.8986797      0.0062915      0.0008320            NaN            NaN
     12.9591599      0.0063822      0.0005135            NaN            NaN
     13.0196505      0.0065789      0.0005437            NaN            NaN
     13.0801296      0.0063891      0.0004876            NaN            NaN
     13.1406097      0.0064371      0.0006880            NaN            NaN
     13.2011003      0.0064164      0.0006158            NaN            NaN
     13.2615805      0.0061905      0.0006581            NaN            NaN
     13.3220596      0.0064139      0.0005883            NaN            NaN
     13.3825502      0.0066515      0.0007179            NaN            NaN
     13.4430304      0.0066794      0.0008598            NaN            NaN
     13.5035200      0.0068980      0.0005951            NaN            NaN
     13.5640001      0.0064208      0.0014245            NaN            NaN
     13.6244802      0.0062373      0.0008805            NaN            NaN
     13.6849699      0.0065367      0.0008322            NaN            NaN
     13.7454500      0.0066134      0.0007903            NaN            NaN
     13.8059301      0.0067030      0.0008960            NaN            NaN
     13.8664198      0.0067334      0.0007388            NaN            NaN
     13.9268999      0.0068630      0.0008203            NaN            NaN
     13.9873800      0.0057794      0.0008232            NaN            NaN
     14.0693502      0.0063382      0.0021291            NaN            NaN
     14.1540298      0.0071773      0.0009739            NaN            NaN
     14.2387104      0.0072948      0.0015769            NaN            NaN
     14.3233805      0.0055611      0.0008746            NaN            NaN
     14.4080601      0.0062973      0.0007484            NaN            NaN
     14.4927397      0.0065125      0.0007394            NaN            NaN
     14.5774097      0.0063019      0.0028702            NaN            NaN
     14.6620903      0.0065988      0.0027911            NaN            NaN
     14.7467699      0.0062499      0.0015472            NaN            NaN
     14.8314505      0.0072928      0.0009034            NaN            NaN
     14.9161196      0.0069332      0.0017569            NaN            NaN
     15.0008001      0.0063838      0.0013879            NaN            NaN
     15.0854797      0.0070605      0.0005971            NaN            NaN
     15.1701498      0.0072114      0.0006426            NaN            NaN
     15.2548304      0.0069698      0.0007762            NaN            NaN
     15.3395100      0.0069623      0.0007773            NaN            NaN
     15.4241800      0.0070363      0.0008563            NaN            NaN
     15.5088596      0.0071756      0.0009406            NaN            NaN
     15.5935402      0.0070312      0.0008607            NaN            NaN
     15.6782103      0.0073778      0.0007537            NaN            NaN
     15.7628899      0.0078620      0.0005562            NaN            NaN
     15.8475704      0.0075760      0.0009043            NaN            NaN
     15.9322395      0.0077174      0.0009249            NaN            NaN
     16.0169201      0.0079587      0.0010861            NaN            NaN
     16.1016006      0.0075183      0.0007479            NaN            NaN
     16.1862793      0.0063208      0.0006824            NaN            NaN
     16.2709503      0.0077986      0.0013313            NaN            NaN
     16.3556309      0.0076044      0.0008767            NaN            NaN
     16.4403095      0.0075625      0.0010760            NaN            NaN
     16.5249805      0.0074499      0.0008579            NaN            NaN
     16.6096592      0.0079182      0.0012675            NaN            NaN
     16.6943398      0.0081578      0.0009165            NaN            NaN
     16.7790108      0.0088473      0.0008993            NaN            NaN
     16.8636894      0.0077234      0.0010933            NaN            NaN
     16.9483700      0.0083447      0.0011553            NaN            NaN
     17.0330391      0.0085787      0.0014417            NaN            NaN
     17.1177197      0.0082130      0.0009268            NaN            NaN
     17.2024002      0.0071653      0.0009727            NaN            NaN
     17.2870693      0.0081206      0.0018046            NaN            NaN
     17.3717499      0.0068661      0.0014343            NaN            NaN
     17.4564304      0.0076072      0.0015409            NaN            NaN
     17.5411091      0.0081395      0.0015330            NaN            NaN
     17.6257801      0.0097085      0.0016746            NaN            NaN
     17.7104607      0.0089387      0.0014794            NaN            NaN
     17.7951393      0.0081868      0.0015807            NaN            NaN
     17.8798103      0.0079508      0.0016067            NaN            NaN
     17.9644909      0.0078307      0.0016912            NaN            NaN
     18.0491695      0.0090993      0.0013060            NaN            NaN
     18.1338406      0.0090356      0.0012781            NaN            NaN
     18.2185192      0.0075664      0.0016086            NaN            NaN
     18.3031998      0.0087840      0.0015399            NaN            NaN
     18.3878708      0.0076517      0.0017579            NaN            NaN
     18.4725494      0.0083611      0.0043977            NaN            NaN
     18.5572300      0.0089745      0.0014302            NaN            NaN
     18.6418991      0.0087581      0.0027289            NaN            NaN
     18.7265797      0.0088025      0.0032398            NaN            NaN
     18.8112602      0.0088908      0.0038065            NaN            NaN
     18.8959408      0.0085855      0.0012049            NaN            NaN
     18.9806099      0.0083535      0.0019893            NaN            NaN
     19.0652905      0.0085357      0.0011978            NaN            NaN
     19.1499691      0.0090987      0.0011734            NaN            NaN
     19.2346401      0.0093494      0.0012364            NaN            NaN
     19.3193207      0.0080268      0.0011416            NaN            NaN
     19.4039993      0.0079835      0.0016313            NaN            NaN
     19.4886703      0.0087077      0.0010820            NaN            NaN
     19.5733509      0.0089921      0.0035647            NaN            NaN
     19.6580296      0.0086829      0.0027663            NaN            NaN
     19.7427006      0.0081590      0.0044762            NaN            NaN
     19.8273792      0.0101122      0.0022822            NaN            NaN
     19.9120598      0.0101911      0.0036284            NaN            NaN
     19.9120598      0.0095693      0.0014135            NaN            NaN
     19.9967308      0.0092810      0.0027024            NaN            NaN
     20.0814095      0.0086977      0.0019555            NaN            NaN
     20.0814095      0.0089568      0.0014018            NaN            NaN
     20.1660900      0.0101622      0.0025254            NaN            NaN
     20.2507706      0.0104259      0.0017952            NaN            NaN
     20.2507706      0.0092127      0.0013775            NaN            NaN
     20.3354397      0.0106841      0.0031894            NaN            NaN
     20.4201202      0.0110543      0.0023183            NaN            NaN
     20.4201202      0.0095482      0.0013052            NaN            NaN
     20.5048008      0.0106806      0.0020383            NaN            NaN
     20.5894699      0.0091998      0.0016265            NaN            NaN
     20.5894699      0.0099714      0.0013600            NaN            NaN
     20.7588291      0.0095568      0.0015691            NaN            NaN
     20.7588291      0.0096360      0.0014627            NaN            NaN
     20.9281807      0.0093147      0.0017221            NaN            NaN
     20.9281807      0.0074461      0.0011621            NaN            NaN
     21.0975304      0.0097781      0.0013845            NaN            NaN
     21.0975304      0.0087638      0.0009696            NaN            NaN
     21.2668896      0.0085612      0.0019692            NaN            NaN
     21.2668896      0.0088940      0.0015118            NaN            NaN
     21.4362392      0.0087070      0.0017227            NaN            NaN
     21.4362392      0.0109790      0.0011818            NaN            NaN
     21.6056004      0.0102978      0.0013477            NaN            NaN
     21.7749500      0.0105545      0.0018048            NaN            NaN
     21.9442997      0.0107200      0.0014375            NaN            NaN
     22.1136608      0.0107462      0.0016369            NaN            NaN
     22.2830105      0.0087072      0.0014943            NaN            NaN
     22.4523602      0.0099188      0.0029474            NaN            NaN
     22.6217194      0.0089902      0.0018034            NaN            NaN
     22.7910709      0.0088249      0.0014944            NaN            NaN
     22.9604301      0.0100116      0.0030761            NaN            NaN
     23.1297798      0.0089801      0.0012368            NaN            NaN
     23.2991295      0.0096089      0.0014836            NaN            NaN
     23.4684906      0.0098056      0.0011565            NaN            NaN
     23.6378403      0.0097525      0.0010683            NaN            NaN
     23.8071899      0.0092521      0.0016359            NaN            NaN
     23.9765491      0.0087257      0.0017227            NaN            NaN
     24.1459007      0.0096888      0.0019900            NaN            NaN
     24.3152599      0.0093408      0.0012945            NaN            NaN
     24.4846096      0.0098436      0.0014544            NaN            NaN
     24.6539593      0.0105400      0.0009277            NaN            NaN
     24.8233204      0.0097438      0.0015492            NaN            NaN
     24.9926701      0.0101975      0.0012083            NaN            NaN
     25.1620197      0.0105588      0.0020177            NaN            NaN
     25.3313808      0.0100436      0.0010119            NaN            NaN
     25.5007305      0.0104615      0.0013347            NaN            NaN
     25.6700897      0.0097285      0.0015019            NaN            NaN
     25.8394394      0.0093281      0.0013619            NaN            NaN
     26.0087891      0.0098144      0.0009989            NaN            NaN
     26.1781502      0.0103673      0.0031129            NaN            NaN
     26.3474998      0.0094967      0.0009879            NaN            NaN
     26.5168495      0.0104624      0.0008601            NaN            NaN
     26.6862106      0.0111462      0.0015463            NaN            NaN
     26.8555603      0.0114646      0.0016608            NaN            NaN
     27.0249195      0.0119892      0.0015985            NaN            NaN
     27.1942692      0.0110328      0.0027899            NaN            NaN
     27.3636208      0.0118414      0.0013824            NaN            NaN
     27.5329800      0.0109042      0.0013133            NaN            NaN
     27.7023296      0.0110801      0.0012810            NaN            NaN
     27.8716793      0.0110374      0.0018624            NaN            NaN
     28.0410404      0.0114359      0.0014659            NaN            NaN
     28.2103901      0.0123390      0.0043747            NaN            NaN
     28.3797493      0.0116869      0.0018457            NaN            NaN
     28.5491009      0.0114440      0.0015268            NaN            NaN
     28.7184505      0.0119852      0.0013017            NaN            NaN
     28.8878098      0.0112790      0.0013415            NaN            NaN
     29.0571594      0.0122441      0.0011417            NaN            NaN
     29.2265091      0.0113770      0.0015730            NaN            NaN
     29.3958702      0.0116592      0.0018803            NaN            NaN
     29.5652199      0.0126591      0.0015991            NaN            NaN
     29.7345791      0.0113272      0.0013034            NaN            NaN
     29.9039307      0.0115511      0.0012383            NaN            NaN
     30.0732803      0.0120229      0.0027556            NaN            NaN
     30.2426395      0.0115894      0.0016637            NaN            NaN
     30.4119892      0.0126639      0.0017880            NaN            NaN
     30.5813408      0.0119335      0.0017140            NaN            NaN
     30.7507000      0.0123731      0.0014760            NaN            NaN
     30.9200497      0.0122959      0.0017254            NaN            NaN
     31.0894108      0.0125171      0.0024487            NaN            NaN
     31.2587605      0.0126505      0.0038761            NaN            NaN
     31.4281101      0.0131159      0.0019850            NaN            NaN
     31.5974693      0.0134600      0.0017519            NaN            NaN
     31.7668209      0.0131409      0.0024537            NaN            NaN
     31.9361706      0.0131592      0.0017528            NaN            NaN
     32.1055298      0.0131407      0.0021132            NaN            NaN
     32.2748795      0.0132684      0.0021901            NaN            NaN
     32.4442406      0.0137759      0.0027423            NaN            NaN
     32.6135902      0.0151100      0.0032115            NaN            NaN
     32.7829399      0.0139627      0.0030629            NaN            NaN
     32.9523010      0.0119820      0.0029690            NaN            NaN
     33.1216507      0.0133733      0.0064231            NaN            NaN
     33.2910004      0.0143335      0.0050840            NaN            NaN
     33.4603615      0.0131328      0.0032947            NaN            NaN
     33.6297112      0.0140029      0.0052331            NaN            NaN
     33.7990685      0.0129744      0.0068010            NaN            NaN
     33.9684181      0.0154046      0.0040397            NaN            NaN
     34.1377716      0.0130795      0.0062334            NaN            NaN
     34.3071289      0.0128704      0.0046410            NaN            NaN
     34.4764786      0.0132362      0.0050770            NaN            NaN
     34.6458282      0.0150970      0.0041541            NaN            NaN
     34.8151894      0.0139114      0.0050378            NaN            NaN
     34.9845390      0.0121675      0.0036100            NaN            NaN
     35.1539001      0.0131224      0.0056671            NaN            NaN
     35.3232498      0.0149794      0.0048191            NaN            NaN
     35.4925995      0.0146537      0.0053555            NaN            NaN
     35.6619606      0.0142472      0.0089289            NaN            NaN
     35.8313103      0.0151362      0.0073656            NaN            NaN
     36.0006599      0.0128275      0.0073827            NaN            NaN
     36.1700211      0.0073663      0.0066049            NaN            NaN
     36.3393707      0.0147745      0.0104169            NaN            NaN
     36.5087318      0.0136344      0.0217085            NaN            NaN
     36.6780815      0.0130461      0.0297003            NaN            NaN
     36.8474312      0.0115224      0.0072171            NaN            NaN
     37.0167885      0.0178925      0.0097452            NaN            NaN
     37.1861382      0.0165010      0.0103391            NaN            NaN
     37.3554916      0.0150317      0.0118081            NaN            NaN
