FORPRINT: Wed Jul 20 17:11:05 2022
      5.2474899      0.0068446      0.0003647      0.0068240      0.0000206
      5.2777300      0.0068799      0.0005676      0.0068580      0.0000219
      5.3079700      0.0068189      0.0004839      0.0067965      0.0000224
      5.3382101      0.0072133      0.0002674      0.0071911      0.0000222
      5.3684602      0.0070334      0.0002438      0.0070073      0.0000261
      5.3987002      0.0066864      0.0003037      0.0066581      0.0000283
      5.4289398      0.0070491      0.0003021      0.0070173      0.0000318
      5.4591799      0.0070574      0.0002956      0.0070200      0.0000374
      5.4894199      0.0071461      0.0002878      0.0070987      0.0000474
      5.5196700      0.0074536      0.0002843      0.0073886      0.0000650
      5.5499101      0.0073383      0.0002835      0.0072488      0.0000895
      5.5801501      0.0074883      0.0003021      0.0073770      0.0001113
      5.6103902      0.0076644      0.0003721      0.0075488      0.0001156
      5.6406298      0.0075273      0.0003259      0.0074332      0.0000941
      5.6708798      0.0076785      0.0002858      0.0076041      0.0000744
      5.7011199      0.0076374      0.0006799      0.0075768      0.0000606
      5.7313600      0.0075202      0.0002372      0.0074645      0.0000557
      5.7616000      0.0075406      0.0002354      0.0074835      0.0000571
      5.7918401      0.0077566      0.0002701      0.0076979      0.0000587
      5.8220901      0.0080571      0.0003268      0.0079991      0.0000580
      5.8523302      0.0079693      0.0002477      0.0079128      0.0000565
      5.8825698      0.0079480      0.0002301      0.0078923      0.0000557
      5.9128098      0.0080513      0.0003689      0.0079995      0.0000518
      5.9430499      0.0075948      0.0003440      0.0075428      0.0000520
      5.9733000      0.0079094      0.0002831      0.0078566      0.0000528
      6.0035400      0.0084264      0.0002600      0.0083764      0.0000500
      6.0337801      0.0083298      0.0003165      0.0082823      0.0000475
      6.0640202      0.0077181      0.0005125      0.0076704      0.0000477
      6.0942602      0.0080143      0.0004295      0.0079687      0.0000456
      6.1245098      0.0080220      0.0004257      0.0079770      0.0000450
      6.1547499      0.0078709      0.0003134      0.0078255      0.0000454
      6.1849899      0.0082122      0.0005512      0.0081664      0.0000458
      6.2152300      0.0080008      0.0004190      0.0079553      0.0000455
      6.2454700      0.0081620      0.0004189      0.0081157      0.0000463
      6.2757201      0.0081703      0.0002734      0.0081236      0.0000467
      6.3059602      0.0081455      0.0010590      0.0080994      0.0000461
      6.3362002      0.0079654      0.0006018      0.0079196      0.0000458
      6.3664398      0.0084875      0.0002349      0.0084403      0.0000472
      6.3966799      0.0087513      0.0004016      0.0087005      0.0000508
      6.4269300      0.0083169      0.0002723      0.0082665      0.0000504
      6.4571700      0.0083593      0.0003042      0.0083086      0.0000507
      6.4874101      0.0082247      0.0002639      0.0081728      0.0000519
      6.5176501      0.0077934      0.0002982      0.0077422      0.0000512
      6.5478902      0.0085311      0.0005623      0.0084799      0.0000512
      6.5781398      0.0090575      0.0003574      0.0090053      0.0000522
      6.6083798      0.0091816      0.0002993      0.0091297      0.0000519
      6.6386199      0.0087698      0.0002320      0.0087187      0.0000511
      6.6688600      0.0087858      0.0003717      0.0087329      0.0000529
      6.6991000      0.0090231      0.0012020      0.0089716      0.0000515
      6.7293501      0.0090786      0.0004350      0.0090251      0.0000535
      6.7595901      0.0093586      0.0005106      0.0093043      0.0000543
      6.7898302      0.0086430      0.0003193      0.0085863      0.0000567
      6.8200698      0.0088689      0.0003104      0.0088105      0.0000584
      6.8503098      0.0083231      0.0005968      0.0082605      0.0000626
      6.8805599      0.0085123      0.0003798      0.0084419      0.0000704
      6.9108000      0.0091629      0.0004221      0.0090914      0.0000715
      6.9410400      0.0088548      0.0003919      0.0087948      0.0000600
      6.9712801      0.0096357      0.0006279      0.0095799      0.0000558
      7.0015202      0.0090282      0.0004524      0.0089752      0.0000530
      7.0317702      0.0090307      0.0003941      0.0089788      0.0000519
      7.0620098      0.0087389      0.0005915      0.0086876      0.0000513
      7.0922499      0.0087051      0.0006807      0.0086534      0.0000517
      7.1224899      0.0090172      0.0007546      0.0089650      0.0000522
      7.1527300      0.0086600      0.0007405      0.0086094      0.0000506
      7.1829801      0.0091788      0.0004634      0.0091317      0.0000471
      7.2132201      0.0095291      0.0003424      0.0094847      0.0000444
      7.2434602      0.0093159      0.0003889      0.0092740      0.0000419
      7.2737002      0.0090416      0.0005979      0.0089984      0.0000432
      7.3039398      0.0094054      0.0011349      0.0093579      0.0000475
      7.3341899      0.0099993      0.0004800      0.0099471      0.0000522
      7.3644300      0.0097172      0.0004583      0.0096622      0.0000550
      7.3946700      0.0095620      0.0008727      0.0095063      0.0000557
      7.4249101      0.0090251      0.0003846      0.0089697      0.0000554
      7.4551501      0.0093410      0.0004093      0.0092862      0.0000548
      7.4551501      0.0089122      0.0010336      0.0088574      0.0000548
      7.4854002      0.0098885      0.0004914      0.0098342      0.0000543
      7.5156398      0.0088813      0.0009702      0.0088283      0.0000530
      7.5761199      0.0084216      0.0003106      0.0083689      0.0000527
      7.5761199      0.0094059      0.0002956      0.0093532      0.0000527
      7.6366000      0.0088412      0.0003883      0.0087951      0.0000461
      7.6366000      0.0093711      0.0003300      0.0093250      0.0000461
      7.6970901      0.0083880      0.0013181      0.0083422      0.0000458
      7.6970901      0.0090617      0.0003138      0.0090159      0.0000458
      7.7575698      0.0083597      0.0013211      0.0083155      0.0000442
      7.7575698      0.0092708      0.0004951      0.0092266      0.0000442
      7.8180499      0.0084002      0.0008479      0.0083582      0.0000420
      7.8180499      0.0092828      0.0002459      0.0092408      0.0000420
      7.8785400      0.0089650      0.0003837      0.0089177      0.0000473
      7.8785400      0.0095710      0.0006140      0.0095237      0.0000473
      7.9390202      0.0086815      0.0008677      0.0086298      0.0000517
      7.9390202      0.0100723      0.0003261      0.0100206      0.0000517
      7.9995098      0.0085246      0.0007261      0.0084727      0.0000519
      7.9995098      0.0097491      0.0004018      0.0096972      0.0000519
      8.0599899      0.0083110      0.0002723      0.0082608      0.0000502
      8.0599899      0.0097935      0.0003406      0.0097433      0.0000502
      8.1204700      0.0084463      0.0003356      0.0083987      0.0000476
      8.1204700      0.0100034      0.0005775      0.0099558      0.0000476
      8.1809597      0.0086791      0.0006379      0.0086306      0.0000485
      8.1809597      0.0101015      0.0004827      0.0100530      0.0000485
      8.2414398      0.0085785      0.0004091      0.0085315      0.0000470
      8.2414398      0.0103175      0.0004591      0.0102705      0.0000470
      8.3019199      0.0084354      0.0003497      0.0083869      0.0000485
      8.3019199      0.0100286      0.0003939      0.0099801      0.0000485
      8.3624096      0.0085134      0.0003513      0.0084617      0.0000517
      8.3624096      0.0097241      0.0006234      0.0096724      0.0000517
      8.4228897      0.0085965      0.0003836      0.0085406      0.0000559
      8.4228897      0.0105238      0.0006484      0.0104679      0.0000559
      8.4833698      0.0086392      0.0011103      0.0085787      0.0000605
      8.4833698      0.0094805      0.0009609      0.0094200      0.0000605
      8.5438604      0.0088196      0.0002952      0.0087558      0.0000638
      8.6043396      0.0085185      0.0005092      0.0084486      0.0000699
      8.6648302      0.0085032      0.0005841      0.0084297      0.0000735
      8.7253103      0.0087209      0.0003450      0.0086421      0.0000788
      8.7857904      0.0086913      0.0006667      0.0085999      0.0000914
      8.8462801      0.0085996      0.0003932      0.0084877      0.0001119
      8.9067602      0.0085941      0.0003330      0.0084614      0.0001327
      8.9672403      0.0089190      0.0003747      0.0087928      0.0001262
      9.0277300      0.0088115      0.0003022      0.0086892      0.0001223
      9.0882101      0.0087858      0.0003385      0.0086590      0.0001268
      9.1486902      0.0090329      0.0003621      0.0089303      0.0001026
      9.2091799      0.0088184      0.0007955      0.0087243      0.0000941
      9.2696600      0.0090348      0.0004128      0.0089366      0.0000982
      9.3301497      0.0087995      0.0003456      0.0086871      0.0001124
      9.3906298      0.0092325      0.0003507      0.0091071      0.0001254
      9.4511099      0.0089886      0.0006654      0.0088597      0.0001289
      9.5115995      0.0090614      0.0007532      0.0089106      0.0001508
      9.5720797      0.0089859      0.0014238      0.0087999      0.0001860
      9.6325598      0.0090344      0.0010422      0.0088234      0.0002110
      9.6930504      0.0090264      0.0002923      0.0088074      0.0002190
      9.7535295      0.0088497      0.0004321      0.0086376      0.0002121
      9.8140097      0.0090955      0.0003385      0.0089032      0.0001923
      9.8745003      0.0091242      0.0003877      0.0089401      0.0001841
      9.9349804      0.0093334      0.0004707      0.0091426      0.0001908
      9.9954700      0.0093939      0.0011020      0.0091942      0.0001997
     10.0559502      0.0093263      0.0012593      0.0091234      0.0002029
     10.1164303      0.0096502      0.0003091      0.0094322      0.0002180
     10.1769199      0.0099720      0.0011482      0.0097069      0.0002651
     10.2374001      0.0094029      0.0003666      0.0090912      0.0003117
     10.2978802      0.0090928      0.0004155      0.0087589      0.0003339
     10.3583698      0.0099315      0.0010343      0.0095540      0.0003775
     10.4188499      0.0099068      0.0011902      0.0093961      0.0005107
     10.4793301      0.0100188      0.0005750      0.0092354      0.0007834
     10.5398197      0.0102644      0.0005390      0.0092138      0.0010506
     10.6002998      0.0103107      0.0004501      0.0092381      0.0010726
     10.6607904      0.0105012      0.0009923      0.0095922      0.0009090
     10.7212696      0.0108912      0.0005673      0.0101615      0.0007297
     10.7817497      0.0108918      0.0006040      0.0102881      0.0006037
     10.8422403      0.0105618      0.0006139      0.0100445      0.0005173
     10.9027205      0.0103401      0.0004985      0.0098799      0.0004602
     10.9631996      0.0104421      0.0005813      0.0100324      0.0004097
     11.0236902      0.0102949      0.0003863      0.0099043      0.0003906
     11.0841703      0.0103684      0.0010829      0.0099937      0.0003747
     11.1446505      0.0105078      0.0005839      0.0101373      0.0003705
     11.2051401      0.0105761      0.0009442      0.0101964      0.0003797
     11.2656202      0.0106990      0.0006639      0.0103035      0.0003955
     11.3261099      0.0105308      0.0009642      0.0101259      0.0004049
     11.3865900      0.0104771      0.0009348      0.0100694      0.0004077
     11.4470701      0.0106424      0.0011981      0.0102347      0.0004077
     11.5075598      0.0109832      0.0004141      0.0105763      0.0004069
     11.5680399      0.0108688      0.0006050      0.0104576      0.0004112
     11.6285200      0.0108224      0.0013678      0.0103986      0.0004238
     11.6890097      0.0107140      0.0005950      0.0102668      0.0004472
     11.7494898      0.0111439      0.0006202      0.0106572      0.0004867
     11.8099699      0.0108228      0.0008332      0.0102721      0.0005507
     11.8704596      0.0107997      0.0004472      0.0101373      0.0006624
     11.9309397      0.0107295      0.0005312      0.0100894      0.0006401
     11.9914303      0.0111066      0.0011448      0.0105129      0.0005937
     12.0519104      0.0113073      0.0011265      0.0107167      0.0005906
     12.1123896      0.0115509      0.0009767      0.0109455      0.0006054
     12.1728802      0.0117497      0.0004950      0.0111278      0.0006219
     12.2333603      0.0115722      0.0005306      0.0109276      0.0006446
     12.2938404      0.0111940      0.0004705      0.0105134      0.0006806
     12.3543301      0.0116943      0.0006384      0.0109654      0.0007289
     12.4148102      0.0116466      0.0015723      0.0108635      0.0007831
     12.4752903      0.0116983      0.0007582      0.0108452      0.0008531
     12.5357800      0.0115207      0.0003732      0.0105793      0.0009414
     12.5962601      0.0116032      0.0004182      0.0105522      0.0010510
     12.6567497      0.0118912      0.0006824      0.0107138      0.0011774
     12.7172298      0.0120062      0.0004048      0.0106857      0.0013205
     12.7777100      0.0126228      0.0005299      0.0111548      0.0014680
     12.8381996      0.0127205      0.0004020      0.0111200      0.0016005
     12.8986797      0.0128787      0.0004969      0.0111710      0.0017077
     12.9591599      0.0130188      0.0003698      0.0112747      0.0017441
     13.0196505      0.0128614      0.0010057      0.0111165      0.0017449
     13.0801296      0.0130052      0.0014262      0.0112843      0.0017209
     13.1406097      0.0130768      0.0005927      0.0113754      0.0017014
     13.2011003      0.0131107      0.0018421      0.0114265      0.0016842
     13.2615805      0.0142818      0.0008795      0.0126176      0.0016642
     13.3220596      0.0132650      0.0005326      0.0116394      0.0016256
     13.3825502      0.0135830      0.0009312      0.0120304      0.0015526
     13.4430304      0.0137237      0.0008716      0.0122622      0.0014615
     13.5035200      0.0138172      0.0006711      0.0124600      0.0013572
     13.5640001      0.0138918      0.0005394      0.0126332      0.0012586
     13.6244802      0.0140328      0.0008064      0.0128661      0.0011667
     13.6849699      0.0142020      0.0021403      0.0131206      0.0010814
     13.7454500      0.0140977      0.0009027      0.0130861      0.0010116
     13.8059301      0.0144813      0.0008882      0.0135235      0.0009578
     13.8664198      0.0148910      0.0006385      0.0139742      0.0009168
     13.9268999      0.0145455      0.0007884      0.0136542      0.0008913
     13.9873800      0.0155540      0.0006824      0.0146716      0.0008824
     14.0693502      0.0141948      0.0005905      0.0133198      0.0008750
     14.1540298      0.0155411      0.0015320      0.0146675      0.0008736
     14.2387104      0.0150880      0.0010562      0.0142031      0.0008849
     14.3233805      0.0156564      0.0009330      0.0147436      0.0009128
     14.4080601      0.0158543      0.0007594      0.0148969      0.0009574
     14.4927397      0.0162323      0.0007044      0.0152251      0.0010072
     14.5774097      0.0164638      0.0005838      0.0154327      0.0010311
     14.6620903      0.0167795      0.0005583      0.0157708      0.0010087
     14.7467699      0.0169329      0.0006327      0.0160084      0.0009245
     14.8314505      0.0169461      0.0005783      0.0161423      0.0008038
     14.9161196      0.0172320      0.0009910      0.0165507      0.0006813
     15.0008001      0.0174237      0.0009376      0.0168467      0.0005770
     15.0854797      0.0179083      0.0007913      0.0174114      0.0004969
     15.1701498      0.0183164      0.0019277      0.0178705      0.0004459
     15.2548304      0.0185461      0.0004515      0.0181332      0.0004129
     15.3395100      0.0193495      0.0005505      0.0189702      0.0003793
     15.4241800      0.0194948      0.0007984      0.0191482      0.0003466
     15.5088596      0.0198424      0.0004723      0.0195190      0.0003234
     15.5935402      0.0200713      0.0008045      0.0197596      0.0003117
     15.6782103      0.0195514      0.0008837      0.0192481      0.0003033
     15.7628899      0.0201998      0.0004095      0.0199049      0.0002949
     15.8475704      0.0208282      0.0004865      0.0205415      0.0002867
     15.9322395      0.0209584      0.0005919      0.0206791      0.0002793
     16.0169201      0.0214746      0.0017407      0.0212005      0.0002741
     16.1016006      0.0216081      0.0015216      0.0213370      0.0002711
     16.1862793      0.0221791      0.0016486      0.0219078      0.0002713
     16.2709503      0.0223388      0.0007485      0.0220627      0.0002761
     16.3556309      0.0219190      0.0005056      0.0216288      0.0002902
     16.4403095      0.0227422      0.0006823      0.0224482      0.0002940
     16.5249805      0.0227823      0.0006304      0.0224995      0.0002828
     16.6096592      0.0228257      0.0006572      0.0225611      0.0002646
     16.6943398      0.0231998      0.0006147      0.0229452      0.0002546
     16.7790108      0.0231371      0.0007030      0.0228851      0.0002520
     16.8636894      0.0228919      0.0006727      0.0226399      0.0002520
     16.9483700      0.0230411      0.0019610      0.0227868      0.0002543
     17.0330391      0.0232590      0.0006552      0.0230009      0.0002581
     17.1177197      0.0235122      0.0006653      0.0232507      0.0002615
     17.2024002      0.0234263      0.0009603      0.0231632      0.0002631
     17.2870693      0.0234193      0.0010234      0.0231546      0.0002647
     17.3717499      0.0234543      0.0014281      0.0231869      0.0002674
     17.4564304      0.0234554      0.0022647      0.0231825      0.0002729
     17.5411091      0.0238653      0.0007269      0.0235845      0.0002808
     17.6257801      0.0234689      0.0007061      0.0231744      0.0002945
     17.7104607      0.0235566      0.0008591      0.0232442      0.0003124
     17.7951393      0.0236145      0.0007226      0.0232728      0.0003417
     17.8798103      0.0238654      0.0010932      0.0234963      0.0003691
     17.9644909      0.0241537      0.0013547      0.0237629      0.0003908
     18.0491695      0.0239659      0.0013358      0.0235577      0.0004082
     18.1338406      0.0237527      0.0012294      0.0233404      0.0004123
     18.2185192      0.0241879      0.0008613      0.0237709      0.0004170
     18.3031998      0.0241282      0.0009974      0.0237041      0.0004241
     18.3878708      0.0249127      0.0013847      0.0244768      0.0004359
     18.4725494      0.0247135      0.0010956      0.0242495      0.0004640
     18.5572300      0.0245231      0.0009227      0.0240199      0.0005032
     18.6418991      0.0237717      0.0009766      0.0231890      0.0005827
     18.7265797      0.0239793      0.0012143      0.0233045      0.0006748
     18.8112602      0.0248479      0.0012189      0.0240334      0.0008145
     18.8959408      0.0252107      0.0014275      0.0242018      0.0010090
     18.9806099      0.0255204      0.0009466      0.0241000      0.0014204
     19.0652905      0.0255302      0.0013013      0.0237741      0.0017561
     19.1499691      0.0254029      0.0009679      0.0236282      0.0017747
     19.2346401      0.0244380      0.0011309      0.0226954      0.0017426
     19.3193207      0.0254065      0.0007704      0.0238873      0.0015192
     19.4039993      0.0250257      0.0011693      0.0237166      0.0013091
     19.4886703      0.0238552      0.0007567      0.0226990      0.0011562
     19.5733509      0.0240913      0.0009869      0.0230673      0.0010240
     19.6580296      0.0246898      0.0015799      0.0237433      0.0009465
     19.7427006      0.0248782      0.0008464      0.0239987      0.0008795
     19.8273792      0.0255327      0.0010512      0.0246854      0.0008473
     19.9120598      0.0247684      0.0009760      0.0239463      0.0008221
     19.9120598      0.0239477      0.0011691      0.0231256      0.0008221
     19.9967308      0.0239410      0.0010465      0.0231090      0.0008320
     20.0814095      0.0237856      0.0009463      0.0229361      0.0008495
     20.0814095      0.0238185      0.0011287      0.0229690      0.0008495
     20.1660900      0.0238660      0.0014256      0.0229763      0.0008897
     20.2507706      0.0249746      0.0012183      0.0240447      0.0009299
     20.2507706      0.0240091      0.0005946      0.0230792      0.0009299
     20.3354397      0.0249449      0.0019780      0.0239875      0.0009574
     20.4201202      0.0242976      0.0018339      0.0233186      0.0009790
     20.4201202      0.0241423      0.0005923      0.0231633      0.0009790
     20.5048008      0.0247955      0.0016656      0.0238237      0.0009718
     20.5894699      0.0241360      0.0011444      0.0231683      0.0009677
     20.5894699      0.0246175      0.0011810      0.0236498      0.0009677
     20.7588291      0.0241806      0.0027960      0.0231835      0.0009971
     20.7588291      0.0245528      0.0006571      0.0235557      0.0009971
     20.9281807      0.0247483      0.0009265      0.0236465      0.0011018
     20.9281807      0.0240490      0.0010641      0.0229472      0.0011018
     21.0975304      0.0250411      0.0009070      0.0238690      0.0011721
     21.0975304      0.0254244      0.0015873      0.0242523      0.0011721
     21.2668896      0.0247043      0.0039958      0.0234081      0.0012962
     21.2668896      0.0257216      0.0008704      0.0244254      0.0012962
     21.4362392      0.0249779      0.0014146      0.0235282      0.0014497
     21.4362392      0.0257199      0.0013550      0.0242702      0.0014497
     21.6056004      0.0245744      0.0009829      0.0228610      0.0017134
     21.7749500      0.0244640      0.0010323      0.0222498      0.0022142
     21.9442997      0.0251736      0.0012344      0.0237549      0.0014187
     22.1136608      0.0245275      0.0008428      0.0235223      0.0010052
     22.2830105      0.0247896      0.0008543      0.0238504      0.0009392
     22.4523602      0.0251243      0.0028782      0.0241886      0.0009357
     22.6217194      0.0261648      0.0038329      0.0252278      0.0009370
     22.7910709      0.0262919      0.0024748      0.0253511      0.0009408
     22.9604301      0.0263242      0.0010006      0.0253726      0.0009516
     23.1297798      0.0264104      0.0012773      0.0254662      0.0009442
     23.2991295      0.0263172      0.0008558      0.0253996      0.0009176
     23.4684906      0.0263848      0.0007257      0.0254778      0.0009070
     23.6378403      0.0263348      0.0009155      0.0254185      0.0009163
     23.8071899      0.0269908      0.0011396      0.0260583      0.0009325
     23.9765491      0.0271105      0.0006890      0.0261518      0.0009587
     24.1459007      0.0271923      0.0007612      0.0261969      0.0009954
     24.3152599      0.0279693      0.0018465      0.0269667      0.0010026
     24.4846096      0.0285319      0.0007965      0.0275613      0.0009706
     24.6539593      0.0286499      0.0010521      0.0277157      0.0009342
     24.8233204      0.0285956      0.0005777      0.0276759      0.0009197
     24.9926701      0.0290450      0.0006278      0.0281287      0.0009163
     25.1620197      0.0294733      0.0009352      0.0285528      0.0009205
     25.3313808      0.0291989      0.0009607      0.0282725      0.0009264
     25.5007305      0.0299793      0.0008188      0.0290518      0.0009275
     25.6700897      0.0303889      0.0009753      0.0294587      0.0009302
     25.8394394      0.0306586      0.0014324      0.0297176      0.0009410
     26.0087891      0.0316721      0.0014777      0.0307152      0.0009569
     26.1781502      0.0309358      0.0008062      0.0299380      0.0009978
     26.3474998      0.0324177      0.0014492      0.0312745      0.0011432
     26.5168495      0.0326533      0.0009699      0.0314181      0.0012352
     26.6862106      0.0325856      0.0006440      0.0314607      0.0011249
     26.8555603      0.0332604      0.0010265      0.0321802      0.0010802
     27.0249195      0.0343602      0.0011869      0.0332640      0.0010962
     27.1942692      0.0348678      0.0023718      0.0337548      0.0011130
     27.3636208      0.0350509      0.0010736      0.0339250      0.0011259
     27.5329800      0.0356629      0.0009024      0.0344882      0.0011747
     27.7023296      0.0355479      0.0011855      0.0342382      0.0013097
     27.8716793      0.0362214      0.0012320      0.0347269      0.0014945
     28.0410404      0.0363723      0.0010989      0.0348075      0.0015648
     28.2103901      0.0372623      0.0011413      0.0357459      0.0015164
     28.3797493      0.0376510      0.0013019      0.0361439      0.0015071
     28.5491009      0.0380156      0.0008137      0.0364774      0.0015382
     28.7184505      0.0392245      0.0012996      0.0376108      0.0016137
     28.8878098      0.0400079      0.0011200      0.0382136      0.0017943
     29.0571594      0.0398367      0.0028655      0.0380202      0.0018165
     29.2265091      0.0394656      0.0012569      0.0377616      0.0017040
     29.3958702      0.0402220      0.0011227      0.0385416      0.0016804
     29.5652199      0.0407178      0.0011269      0.0390456      0.0016722
     29.7345791      0.0411726      0.0009385      0.0395772      0.0015954
     29.9039307      0.0416962      0.0013672      0.0401803      0.0015159
     30.0732803      0.0419897      0.0012246      0.0405024      0.0014873
     30.2426395      0.0420508      0.0045497      0.0405631      0.0014877
     30.4119892      0.0421396      0.0024268      0.0406540      0.0014856
     30.5813408      0.0427728      0.0014772      0.0413139      0.0014589
     30.7507000      0.0438983      0.0010074      0.0424663      0.0014320
     30.9200497      0.0434018      0.0011659      0.0419757      0.0014261
     31.0894108      0.0434610      0.0013877      0.0420259      0.0014351
     31.2587605      0.0441328      0.0015475      0.0426827      0.0014501
     31.4281101      0.0449804      0.0012988      0.0434869      0.0014935
     31.5974693      0.0460040      0.0013440      0.0443676      0.0016364
     31.7668209      0.0452882      0.0016647      0.0433454      0.0019428
     31.9361706      0.0462935      0.0016887      0.0443721      0.0019214
     32.1055298      0.0455000      0.0012934      0.0438036      0.0016964
     32.2748795      0.0445962      0.0014813      0.0429649      0.0016313
     32.4442406      0.0464580      0.0016460      0.0448217      0.0016363
     32.6135902      0.0471737      0.0017798      0.0455267      0.0016470
     32.7829399      0.0466316      0.0017530      0.0449684      0.0016632
     32.9523010      0.0472126      0.0013621      0.0455244      0.0016882
     33.1216507      0.0463998      0.0016746      0.0446739      0.0017259
     33.2910004      0.0471817      0.0025648      0.0454222      0.0017595
     33.4603615      0.0475013      0.0024741      0.0457103      0.0017910
     33.6297112      0.0475002      0.0035408      0.0456784      0.0018218
     33.7990685      0.0483002      0.0024780      0.0464514      0.0018488
     33.9684181      0.0482450      0.0046427      0.0463684      0.0018766
     34.1377716      0.0477124      0.0032036      0.0458068      0.0019056
     34.3071289      0.0496685      0.0027818      0.0477267      0.0019418
     34.4764786      0.0486180      0.0023609      0.0466380      0.0019800
     34.6458282      0.0495282      0.0031157      0.0475154      0.0020128
     34.8151894      0.0499479      0.0026245      0.0479057      0.0020422
     34.9845390      0.0499326      0.0021666      0.0478631      0.0020695
     35.1539001      0.0517367      0.0034878      0.0496370      0.0020997
     35.3232498      0.0505312      0.0026083      0.0483968      0.0021344
     35.4925995      0.0501995      0.0057722      0.0480246      0.0021749
     35.6619606      0.0531024      0.0033464      0.0508879      0.0022145
     35.8313103      0.0514345      0.0043134      0.0491833      0.0022512
     36.0006599      0.0499444      0.0035749      0.0476641      0.0022803
     36.1700211      0.0516823      0.0034760      0.0493744      0.0023079
     36.3393707      0.0505591      0.0032824      0.0482186      0.0023405
     36.5087318      0.0531237      0.0031169      0.0507478      0.0023759
     36.6780815      0.0545777      0.0037003      0.0521656      0.0024121
     36.8474312      0.0509299      0.0037386      0.0484794      0.0024505
     37.0167885      0.0520362      0.0133887      0.0495455      0.0024907
     37.1861382      0.0512985      0.0062198      0.0487661      0.0025324
     37.3554916      0.0515983      0.0178634      0.0490246      0.0025737
