FORPRINT: Wed Jul 20 17:11:05 2022
      5.2474899      0.0005498      0.0002494            NaN            NaN
      5.2777300      0.0000713      0.0017189            NaN            NaN
      5.3079700      0.0004366      0.0003443            NaN            NaN
      5.3382101      0.0002394      0.0003572            NaN            NaN
      5.3684602      0.0005672      0.0003209            NaN            NaN
      5.3987002      0.0003723      0.0001899            NaN            NaN
      5.4289398      0.0002920      0.0002456            NaN            NaN
      5.4591799      0.0005415      0.0003370            NaN            NaN
      5.4894199      0.0003280      0.0005394            NaN            NaN
      5.5196700      0.0007238      0.0015719            NaN            NaN
      5.5499101      0.0000044      0.0002073            NaN            NaN
      5.5801501      0.0002127      0.0003802            NaN            NaN
      5.6103902      0.0006043      0.0009686            NaN            NaN
      5.6406298      0.0004763      0.0004628            NaN            NaN
      5.6708798      0.0006229      0.0003209            NaN            NaN
      5.7011199      0.0004916      0.0003170            NaN            NaN
      5.7313600      0.0000053      0.0002942            NaN            NaN
      5.7616000      0.0009055      0.0003995            NaN            NaN
      5.7918401      0.0009551      0.0004595            NaN            NaN
      5.8220901      0.0007232      0.0003985            NaN            NaN
      5.8523302      0.0008696      0.0003038            NaN            NaN
      5.8825698      0.0007378      0.0004151            NaN            NaN
      5.9128098      0.0007259      0.0010523            NaN            NaN
      5.9430499      0.0008635      0.0003326            NaN            NaN
      5.9733000      0.0006530      0.0002495            NaN            NaN
      6.0035400      0.0009118      0.0010780            NaN            NaN
      6.0337801      0.0009468      0.0011939            NaN            NaN
      6.0640202      0.0008485      0.0002154            NaN            NaN
      6.0942602      0.0005690      0.0003088            NaN            NaN
      6.1245098      0.0005038      0.0003095            NaN            NaN
      6.1547499      0.0007919      0.0002530            NaN            NaN
      6.1849899      0.0006501      0.0002647            NaN            NaN
      6.2152300      0.0008455      0.0002874            NaN            NaN
      6.2454700      0.0007673      0.0002605            NaN            NaN
      6.2757201      0.0009799      0.0004966            NaN            NaN
      6.3059602      0.0007193      0.0003127            NaN            NaN
      6.3362002      0.0008540      0.0004736            NaN            NaN
      6.3664398      0.0006184      0.0010093            NaN            NaN
      6.3966799      0.0003569      0.0002446            NaN            NaN
      6.4269300      0.0011770      0.0005235            NaN            NaN
      6.4571700      0.0011481      0.0007202            NaN            NaN
      6.4874101      0.0012955      0.0003778            NaN            NaN
      6.5176501      0.0005996      0.0017561            NaN            NaN
      6.5478902      0.0008793      0.0005122            NaN            NaN
      6.5781398      0.0010400      0.0027132            NaN            NaN
      6.6083798      0.0006159      0.0006075            NaN            NaN
      6.6386199      0.0002249      0.0004269            NaN            NaN
      6.6688600      0.0005006      0.0005215            NaN            NaN
      6.6991000      0.0002878      0.0004043            NaN            NaN
      6.7293501      0.0002725      0.0004577            NaN            NaN
      6.7595901      0.0010701      0.0006294            NaN            NaN
      6.7898302      0.0006874      0.0005739            NaN            NaN
      6.8200698      0.0010674      0.0003656            NaN            NaN
      6.8503098      0.0006216      0.0004130            NaN            NaN
      6.8805599      0.0009546      0.0008829            NaN            NaN
      6.9108000      0.0006692      0.0008973            NaN            NaN
      6.9410400      0.0008744      0.0004229            NaN            NaN
      6.9712801      0.0004307      0.0023646            NaN            NaN
      7.0015202      0.0008197      0.0004411            NaN            NaN
      7.0317702      0.0005494      0.0020051            NaN            NaN
      7.0620098      0.0000388      0.0004041            NaN            NaN
      7.0922499      0.0008942      0.0008207            NaN            NaN
      7.1224899      0.0008537      0.0006878            NaN            NaN
      7.1527300      0.0003934      0.0004243            NaN            NaN
      7.1829801      0.0010116      0.0003317            NaN            NaN
      7.2132201      0.0010536      0.0004724            NaN            NaN
      7.2434602      0.0009586      0.0010334            NaN            NaN
      7.2737002      0.0006555      0.0007866            NaN            NaN
      7.3039398      0.0009330      0.0017189            NaN            NaN
      7.3341899      0.0010520      0.0014369            NaN            NaN
      7.3644300      0.0010866      0.0010679            NaN            NaN
      7.3946700      0.0010925      0.0010003            NaN            NaN
      7.4249101      0.0025646      0.0005532            NaN            NaN
      7.4551501      0.0012777      0.0006621            NaN            NaN
      7.4551501      0.0009970      0.0004144            NaN            NaN
      7.4854002      0.0008897      0.0003164            NaN            NaN
      7.5156398      0.0013964      0.0002938            NaN            NaN
      7.5761199      0.0009484      0.0020229            NaN            NaN
      7.5761199      0.0012852      0.0003551            NaN            NaN
      7.6366000      0.0011153      0.0003575            NaN            NaN
      7.6366000      0.0012722      0.0004637            NaN            NaN
      7.6970901      0.0010985      0.0003155            NaN            NaN
      7.6970901      0.0011158      0.0005670            NaN            NaN
      7.7575698      0.0009941      0.0004939            NaN            NaN
      7.7575698      0.0009800      0.0002424            NaN            NaN
      7.8180499      0.0015842      0.0004588            NaN            NaN
      7.8180499      0.0006991      0.0002671            NaN            NaN
      7.8785400      0.0014420      0.0003472            NaN            NaN
      7.8785400      0.0005163      0.0003892            NaN            NaN
      7.9390202      0.0012763      0.0004512            NaN            NaN
      7.9390202      0.0010430      0.0004233            NaN            NaN
      7.9995098      0.0011566      0.0003539            NaN            NaN
      7.9995098      0.0015065      0.0002035            NaN            NaN
      8.0599899      0.0009847      0.0004217            NaN            NaN
      8.0599899      0.0012308      0.0004804            NaN            NaN
      8.1204700      0.0010204      0.0004366            NaN            NaN
      8.1204700      0.0011770      0.0002260            NaN            NaN
      8.1809597      0.0015049      0.0003943            NaN            NaN
      8.1809597      0.0011947      0.0003347            NaN            NaN
      8.2414398      0.0014393      0.0003953            NaN            NaN
      8.2414398      0.0010035      0.0004523            NaN            NaN
      8.3019199      0.0013465      0.0013092            NaN            NaN
      8.3019199      0.0013882      0.0005061            NaN            NaN
      8.3624096      0.0013229      0.0011413            NaN            NaN
      8.3624096      0.0018667            NaN            NaN            NaN
      8.4228897      0.0014333      0.0004695            NaN            NaN
      8.4228897            NaN            NaN            NaN            NaN
      8.4833698      0.0013626      0.0002909            NaN            NaN
      8.4833698            NaN            NaN            NaN            NaN
      8.5438604      0.0014414      0.0004485            NaN            NaN
      8.6043396      0.0016852      0.0003948            NaN            NaN
      8.6648302      0.0012275      0.0006136            NaN            NaN
      8.7253103      0.0013555      0.0004099            NaN            NaN
      8.7857904      0.0016878      0.0003603            NaN            NaN
      8.8462801      0.0017316      0.0002412            NaN            NaN
      8.9067602      0.0014681      0.0002400            NaN            NaN
      8.9672403      0.0016392      0.0004328            NaN            NaN
      9.0277300      0.0015521      0.0004611            NaN            NaN
      9.0882101      0.0014711      0.0003852            NaN            NaN
      9.1486902      0.0016486      0.0006594            NaN            NaN
      9.2091799      0.0018032      0.0004908            NaN            NaN
      9.2696600      0.0013522      0.0003235            NaN            NaN
      9.3301497      0.0017970      0.0004017            NaN            NaN
      9.3906298      0.0017182      0.0003728            NaN            NaN
      9.4511099      0.0015244      0.0004458            NaN            NaN
      9.5115995      0.0016748      0.0003368            NaN            NaN
      9.5720797      0.0019752      0.0004586            NaN            NaN
      9.6325598      0.0018924      0.0004921            NaN            NaN
      9.6930504      0.0018069      0.0003291            NaN            NaN
      9.7535295      0.0016006      0.0004545            NaN            NaN
      9.8140097      0.0017463      0.0006106            NaN            NaN
      9.8745003      0.0021021      0.0004358            NaN            NaN
      9.9349804      0.0018275      0.0007161            NaN            NaN
      9.9954700      0.0016752      0.0003309            NaN            NaN
     10.0559502      0.0016712      0.0003585            NaN            NaN
     10.1164303      0.0018730      0.0003676            NaN            NaN
     10.1769199      0.0020711      0.0003769            NaN            NaN
     10.2374001      0.0018461      0.0004783            NaN            NaN
     10.2978802      0.0018095      0.0004761            NaN            NaN
     10.3583698      0.0018665      0.0003972            NaN            NaN
     10.4188499      0.0019824      0.0004398            NaN            NaN
     10.4793301      0.0019617      0.0007591            NaN            NaN
     10.5398197      0.0019137      0.0005252            NaN            NaN
     10.6002998      0.0020039      0.0004680            NaN            NaN
     10.6607904      0.0020361      0.0009014            NaN            NaN
     10.7212696      0.0020456      0.0007211            NaN            NaN
     10.7817497      0.0020552      0.0005247            NaN            NaN
     10.8422403      0.0021241      0.0004941            NaN            NaN
     10.9027205      0.0023135      0.0004824            NaN            NaN
     10.9631996      0.0021751      0.0004700            NaN            NaN
     11.0236902      0.0021166      0.0004561            NaN            NaN
     11.0841703      0.0019796      0.0005000            NaN            NaN
     11.1446505      0.0022373      0.0009171            NaN            NaN
     11.2051401      0.0020485      0.0004973            NaN            NaN
     11.2656202      0.0022676      0.0004934            NaN            NaN
     11.3261099      0.0021410      0.0004482            NaN            NaN
     11.3865900      0.0024936      0.0004677            NaN            NaN
     11.4470701      0.0024694      0.0006459            NaN            NaN
     11.5075598      0.0024101      0.0013139            NaN            NaN
     11.5680399      0.0023177      0.0005942            NaN            NaN
     11.6285200      0.0024492      0.0004338            NaN            NaN
     11.6890097      0.0023039      0.0005143            NaN            NaN
     11.7494898      0.0025393      0.0005554            NaN            NaN
     11.8099699      0.0023727      0.0005511            NaN            NaN
     11.8704596      0.0026050      0.0006347            NaN            NaN
     11.9309397      0.0025408      0.0004566            NaN            NaN
     11.9914303      0.0025149      0.0005153            NaN            NaN
     12.0519104      0.0024208      0.0006783            NaN            NaN
     12.1123896      0.0026306      0.0006362            NaN            NaN
     12.1728802      0.0024631      0.0007064            NaN            NaN
     12.2333603      0.0025159      0.0005957            NaN            NaN
     12.2938404      0.0027043      0.0007879            NaN            NaN
     12.3543301      0.0026995      0.0007375            NaN            NaN
     12.4148102      0.0027342      0.0007473            NaN            NaN
     12.4752903      0.0028943      0.0007441            NaN            NaN
     12.5357800      0.0029864      0.0005298            NaN            NaN
     12.5962601      0.0027022      0.0004958            NaN            NaN
     12.6567497      0.0028072      0.0005401            NaN            NaN
     12.7172298      0.0027889      0.0006246            NaN            NaN
     12.7777100      0.0029141      0.0013252            NaN            NaN
     12.8381996      0.0028777      0.0007117            NaN            NaN
     12.8986797      0.0031264      0.0005497            NaN            NaN
     12.9591599      0.0030101      0.0005678            NaN            NaN
     13.0196505      0.0029697      0.0015806            NaN            NaN
     13.0801296      0.0030297      0.0016726            NaN            NaN
     13.1406097      0.0031236      0.0005697            NaN            NaN
     13.2011003      0.0033212      0.0006417            NaN            NaN
     13.2615805      0.0026455      0.0007524            NaN            NaN
     13.3220596      0.0030412      0.0012073            NaN            NaN
     13.3825502      0.0030736      0.0007027            NaN            NaN
     13.4430304      0.0030292      0.0015962            NaN            NaN
     13.5035200      0.0032759      0.0006793            NaN            NaN
     13.5640001      0.0030015      0.0010307            NaN            NaN
     13.6244802      0.0029899      0.0009287            NaN            NaN
     13.6849699      0.0027465      0.0009318            NaN            NaN
     13.7454500      0.0027051      0.0009274            NaN            NaN
     13.8059301      0.0030366      0.0008103            NaN            NaN
     13.8664198      0.0032400      0.0014828            NaN            NaN
     13.9268999      0.0037202      0.0007981            NaN            NaN
     13.9873800      0.0035129      0.0012022            NaN            NaN
     14.0693502      0.0031005      0.0019287            NaN            NaN
     14.1540298      0.0031491      0.0017173            NaN            NaN
     14.2387104      0.0026133      0.0007082            NaN            NaN
     14.3233805      0.0025296      0.0007189            NaN            NaN
     14.4080601      0.0032435      0.0007200            NaN            NaN
     14.4927397      0.0034905      0.0007428            NaN            NaN
     14.5774097      0.0033205      0.0007392            NaN            NaN
     14.6620903      0.0031982      0.0007087            NaN            NaN
     14.7467699      0.0036313      0.0006744            NaN            NaN
     14.8314505      0.0035756      0.0006490            NaN            NaN
     14.9161196      0.0035554      0.0009960            NaN            NaN
     15.0008001      0.0039589      0.0006716            NaN            NaN
     15.0854797      0.0035410      0.0006967            NaN            NaN
     15.1701498      0.0038039      0.0013627            NaN            NaN
     15.2548304      0.0036912      0.0006054            NaN            NaN
     15.3395100      0.0045037      0.0006207            NaN            NaN
     15.4241800      0.0041049      0.0005203            NaN            NaN
     15.5088596      0.0040809      0.0006527            NaN            NaN
     15.5935402      0.0039980      0.0006752            NaN            NaN
     15.6782103      0.0039239      0.0005093            NaN            NaN
     15.7628899      0.0041414      0.0011154            NaN            NaN
     15.8475704      0.0047782      0.0005812            NaN            NaN
     15.9322395      0.0040202      0.0007525            NaN            NaN
     16.0169201      0.0043957      0.0007552            NaN            NaN
     16.1016006      0.0040379      0.0008596            NaN            NaN
     16.1862793      0.0041705      0.0006859            NaN            NaN
     16.2709503      0.0041078      0.0008874            NaN            NaN
     16.3556309      0.0040772      0.0006470            NaN            NaN
     16.4403095      0.0039735      0.0008303            NaN            NaN
     16.5249805      0.0048712      0.0008365            NaN            NaN
     16.6096592      0.0044317      0.0006559            NaN            NaN
     16.6943398      0.0041690      0.0007785            NaN            NaN
     16.7790108      0.0044411      0.0015244            NaN            NaN
     16.8636894      0.0046493      0.0016153            NaN            NaN
     16.9483700      0.0049898      0.0006668            NaN            NaN
     17.0330391      0.0043301      0.0007634            NaN            NaN
     17.1177197      0.0049826      0.0007412            NaN            NaN
     17.2024002      0.0049283      0.0007493            NaN            NaN
     17.2870693      0.0052418      0.0009214            NaN            NaN
     17.3717499      0.0050886      0.0010192            NaN            NaN
     17.4564304      0.0049244      0.0014011            NaN            NaN
     17.5411091      0.0055633      0.0014179            NaN            NaN
     17.6257801      0.0060768      0.0008551            NaN            NaN
     17.7104607      0.0052300      0.0012764            NaN            NaN
     17.7951393      0.0056243      0.0010696            NaN            NaN
     17.8798103      0.0055550      0.0013457            NaN            NaN
     17.9644909      0.0052432      0.0015982            NaN            NaN
     18.0491695      0.0057398      0.0012631            NaN            NaN
     18.1338406      0.0053703      0.0019749            NaN            NaN
     18.2185192      0.0039206      0.0020864            NaN            NaN
     18.3031998      0.0054772      0.0013477            NaN            NaN
     18.3878708      0.0056278      0.0019420            NaN            NaN
     18.4725494      0.0063213      0.0020104            NaN            NaN
     18.5572300      0.0059971      0.0017047            NaN            NaN
     18.6418991      0.0067466      0.0019661            NaN            NaN
     18.7265797      0.0064802      0.0018959            NaN            NaN
     18.8112602      0.0058359      0.0013933            NaN            NaN
     18.8959408      0.0061132      0.0014102            NaN            NaN
     18.9806099      0.0062495      0.0017292            NaN            NaN
     19.0652905      0.0057787      0.0011517            NaN            NaN
     19.1499691      0.0044731      0.0015181            NaN            NaN
     19.2346401      0.0062474      0.0023565            NaN            NaN
     19.3193207      0.0065222      0.0034969            NaN            NaN
     19.4039993      0.0063712      0.0014138            NaN            NaN
     19.4886703      0.0063890      0.0022324            NaN            NaN
     19.5733509      0.0068082      0.0017698            NaN            NaN
     19.6580296      0.0064846      0.0016126            NaN            NaN
     19.7427006      0.0074404      0.0017061            NaN            NaN
     19.8273792      0.0066457      0.0015456            NaN            NaN
     19.9120598      0.0067403      0.0011491            NaN            NaN
     19.9120598      0.0066354      0.0016239            NaN            NaN
     19.9967308      0.0071276      0.0019127            NaN            NaN
     20.0814095      0.0068669      0.0012847            NaN            NaN
     20.0814095      0.0065154      0.0015071            NaN            NaN
     20.1660900      0.0080875      0.0016007            NaN            NaN
     20.2507706      0.0068524      0.0036581            NaN            NaN
     20.2507706      0.0067878      0.0008367            NaN            NaN
     20.3354397      0.0068506      0.0032440            NaN            NaN
     20.4201202      0.0058262      0.0021896            NaN            NaN
     20.4201202      0.0063029      0.0011564            NaN            NaN
     20.5048008      0.0067768      0.0025774            NaN            NaN
     20.5894699      0.0074550      0.0005576            NaN            NaN
     20.5894699      0.0063049      0.0011002            NaN            NaN
     20.7588291      0.0076762      0.0005908            NaN            NaN
     20.7588291      0.0088368      0.0014271            NaN            NaN
     20.9281807      0.0077183      0.0007427            NaN            NaN
     20.9281807      0.0073002      0.0012809            NaN            NaN
     21.0975304      0.0076782      0.0007682            NaN            NaN
     21.0975304      0.0075196      0.0012809            NaN            NaN
     21.2668896      0.0081014      0.0007599            NaN            NaN
     21.2668896      0.0078715      0.0012926            NaN            NaN
     21.4362392      0.0082408      0.0008380            NaN            NaN
     21.4362392      0.0078834      0.0010402            NaN            NaN
     21.6056004      0.0080954      0.0008902            NaN            NaN
     21.7749500      0.0081794      0.0009229            NaN            NaN
     21.9442997      0.0084800      0.0006467            NaN            NaN
     22.1136608      0.0083789      0.0007428            NaN            NaN
     22.2830105      0.0082384      0.0007665            NaN            NaN
     22.4523602      0.0087535      0.0009430            NaN            NaN
     22.6217194      0.0074054      0.0011236            NaN            NaN
     22.7910709      0.0084927      0.0004831            NaN            NaN
     22.9604301      0.0080272      0.0004555            NaN            NaN
     23.1297798      0.0082513      0.0005460            NaN            NaN
     23.2991295      0.0079298      0.0005662            NaN            NaN
     23.4684906      0.0075280      0.0004270            NaN            NaN
     23.6378403      0.0075366      0.0006500            NaN            NaN
     23.8071899      0.0076801      0.0005343            NaN            NaN
     23.9765491      0.0070750      0.0005412            NaN            NaN
     24.1459007      0.0069470      0.0005424            NaN            NaN
     24.3152599      0.0070712      0.0004633            NaN            NaN
     24.4846096      0.0065006      0.0003925            NaN            NaN
     24.6539593      0.0065513      0.0005555            NaN            NaN
     24.8233204      0.0063495      0.0004905            NaN            NaN
     24.9926701      0.0060406      0.0003744            NaN            NaN
     25.1620197      0.0057184      0.0004072            NaN            NaN
     25.3313808      0.0055634      0.0005078            NaN            NaN
     25.5007305      0.0055172      0.0004951            NaN            NaN
     25.6700897      0.0056808      0.0005647            NaN            NaN
     25.8394394      0.0056077      0.0005662            NaN            NaN
     26.0087891      0.0058851      0.0005301            NaN            NaN
     26.1781502      0.0057268      0.0004383            NaN            NaN
     26.3474998      0.0051833      0.0005383            NaN            NaN
     26.5168495      0.0055305      0.0004663            NaN            NaN
     26.6862106      0.0057136      0.0005744            NaN            NaN
     26.8555603      0.0056413      0.0005031            NaN            NaN
     27.0249195      0.0054573      0.0005156            NaN            NaN
     27.1942692      0.0054067      0.0004355            NaN            NaN
     27.3636208      0.0054805      0.0005006            NaN            NaN
     27.5329800      0.0054786      0.0004740            NaN            NaN
     27.7023296      0.0056007      0.0005051            NaN            NaN
     27.8716793      0.0056276      0.0005969            NaN            NaN
     28.0410404      0.0058686      0.0005574            NaN            NaN
     28.2103901      0.0057012      0.0011306            NaN            NaN
     28.3797493      0.0058295      0.0005023            NaN            NaN
     28.5491009      0.0061811      0.0004428            NaN            NaN
     28.7184505      0.0055213      0.0005097            NaN            NaN
     28.8878098      0.0062831      0.0004728            NaN            NaN
     29.0571594      0.0059562      0.0010710            NaN            NaN
     29.2265091      0.0057688      0.0006119            NaN            NaN
     29.3958702      0.0064220      0.0005152            NaN            NaN
     29.5652199      0.0060648      0.0008071            NaN            NaN
     29.7345791      0.0061539      0.0007325            NaN            NaN
     29.9039307      0.0062538      0.0005182            NaN            NaN
     30.0732803      0.0057826      0.0004529            NaN            NaN
     30.2426395      0.0060503      0.0005271            NaN            NaN
     30.4119892      0.0061667      0.0005807            NaN            NaN
     30.5813408      0.0058983      0.0006221            NaN            NaN
     30.7507000      0.0065696      0.0007004            NaN            NaN
     30.9200497      0.0069653      0.0006273            NaN            NaN
     31.0894108      0.0063142      0.0007735            NaN            NaN
     31.2587605      0.0068287      0.0006307            NaN            NaN
     31.4281101      0.0072281      0.0007530            NaN            NaN
     31.5974693      0.0078667      0.0009130            NaN            NaN
     31.7668209      0.0073069      0.0009266            NaN            NaN
     31.9361706      0.0076260      0.0007767            NaN            NaN
     32.1055298      0.0079128      0.0008545            NaN            NaN
     32.2748795      0.0076813      0.0010985            NaN            NaN
     32.4442406      0.0081419      0.0014677            NaN            NaN
     32.6135902      0.0084660      0.0010902            NaN            NaN
     32.7829399      0.0078392      0.0014203            NaN            NaN
     32.9523010      0.0073852      0.0016480            NaN            NaN
     33.1216507      0.0081068      0.0007984            NaN            NaN
     33.2910004      0.0093932      0.0011761            NaN            NaN
     33.4603615      0.0086468      0.0016166            NaN            NaN
     33.6297112      0.0089514      0.0017332            NaN            NaN
     33.7990685      0.0085530      0.0020535            NaN            NaN
     33.9684181      0.0095874      0.0022633            NaN            NaN
     34.1377716      0.0092378      0.0016606            NaN            NaN
     34.3071289      0.0092427      0.0012518            NaN            NaN
     34.4764786      0.0091970      0.0013117            NaN            NaN
     34.6458282      0.0094809      0.0015267            NaN            NaN
     34.8151894      0.0094471      0.0022114            NaN            NaN
     34.9845390      0.0096952      0.0014747            NaN            NaN
     35.1539001      0.0100439      0.0015147            NaN            NaN
     35.3232498      0.0099372      0.0025625            NaN            NaN
     35.4925995      0.0131803      0.0027109            NaN            NaN
     35.6619606      0.0104301      0.0038397            NaN            NaN
     35.8313103      0.0092430      0.0038705            NaN            NaN
     36.0006599      0.0128420      0.0030206            NaN            NaN
     36.1700211      0.0096265      0.0031154            NaN            NaN
     36.3393707      0.0088936      0.0033011            NaN            NaN
     36.5087318      0.0094323      0.0181909            NaN            NaN
     36.6780815      0.0069233      0.0071189            NaN            NaN
     36.8474312      0.0114034      0.0025966            NaN            NaN
     37.0167885      0.0097245      0.0026167            NaN            NaN
     37.1861382      0.0110149      0.0044238            NaN            NaN
     37.3554916      0.0128057      0.0042932            NaN            NaN
