FORPRINT: Wed Jul 20 17:11:02 2022
      5.2474899      0.0286594      0.0019470      0.0282985      0.0003609
      5.2777300      0.0292885      0.0020960      0.0289134      0.0003751
      5.3079700      0.0292613      0.0021014      0.0288573      0.0004040
      5.3382101      0.0309659      0.0017013      0.0305397      0.0004262
      5.3684602      0.0303267      0.0020203      0.0298855      0.0004412
      5.3987002      0.0305775      0.0031814      0.0301008      0.0004767
      5.4289398      0.0307034      0.0019742      0.0301608      0.0005426
      5.4591799      0.0310327      0.0019991      0.0303891      0.0006436
      5.4894199      0.0313666      0.0023647      0.0306157      0.0007509
      5.5196700      0.0309211      0.0018142      0.0301531      0.0007680
      5.5499101      0.0317610      0.0023658      0.0310499      0.0007111
      5.5801501      0.0324205      0.0020911      0.0316952      0.0007253
      5.6103902      0.0325742      0.0020225      0.0318351      0.0007391
      5.6406298      0.0331092      0.0020160      0.0324810      0.0006282
      5.6708798      0.0341724      0.0016789      0.0336240      0.0005484
      5.7011199      0.0351829      0.0020520      0.0346280      0.0005549
      5.7313600      0.0351106      0.0020390      0.0345264      0.0005842
      5.7616000      0.0352560      0.0019050      0.0345964      0.0006596
      5.7918401      0.0346345      0.0017827      0.0339081      0.0007264
      5.8220901      0.0350973      0.0018781      0.0343590      0.0007383
      5.8523302      0.0353994      0.0034982      0.0346102      0.0007892
      5.8825698      0.0359470      0.0025407      0.0350085      0.0009385
      5.9128098      0.0361885      0.0021235      0.0350921      0.0010964
      5.9430499      0.0354492      0.0017453      0.0342318      0.0012174
      5.9733000      0.0366422      0.0017059      0.0353651      0.0012771
      6.0035400      0.0372427      0.0018509      0.0359780      0.0012647
      6.0337801      0.0377821      0.0025993      0.0365806      0.0012015
      6.0640202      0.0361827      0.0026482      0.0350777      0.0011050
      6.0942602      0.0361256      0.0018952      0.0350562      0.0010694
      6.1245098      0.0379142      0.0020074      0.0368092      0.0011050
      6.1547499      0.0377358      0.0019747      0.0365958      0.0011400
      6.1849899      0.0386368      0.0035477      0.0374634      0.0011734
      6.2152300      0.0390478      0.0021916      0.0378619      0.0011859
      6.2454700      0.0383959      0.0019783      0.0371261      0.0012698
      6.2757201      0.0386974      0.0020583      0.0372107      0.0014867
      6.3059602      0.0403926      0.0023895      0.0386687      0.0017239
      6.3362002      0.0403435      0.0036343      0.0384680      0.0018755
      6.3664398      0.0405351      0.0021888      0.0385557      0.0019794
      6.3966799      0.0403448      0.0022303      0.0381207      0.0022241
      6.4269300      0.0418173      0.0019787      0.0390067      0.0028106
      6.4571700      0.0421046      0.0037065      0.0381366      0.0039680
      6.4874101      0.0422770      0.0033038      0.0368613      0.0054157
      6.5176501      0.0440705      0.0021269      0.0377446      0.0063259
      6.5478902      0.0442880      0.0020234      0.0381100      0.0061780
      6.5781398      0.0426538      0.0022724      0.0372554      0.0053984
      6.6083798      0.0432429      0.0019285      0.0387224      0.0045205
      6.6386199      0.0431148      0.0016421      0.0392741      0.0038407
      6.6688600      0.0444273      0.0018036      0.0411143      0.0033130
      6.6991000      0.0445488      0.0017824      0.0415894      0.0029594
      6.7293501      0.0444219      0.0026373      0.0417296      0.0026923
      6.7595901      0.0443325      0.0017944      0.0418932      0.0024393
      6.7898302      0.0442021      0.0020472      0.0418946      0.0023075
      6.8200698      0.0453135      0.0023401      0.0430813      0.0022323
      6.8503098      0.0451691      0.0046260      0.0429986      0.0021705
      6.8805599      0.0446053      0.0021864      0.0424469      0.0021584
      6.9108000      0.0462493      0.0028860      0.0440525      0.0021968
      6.9410400      0.0470371      0.0026138      0.0447625      0.0022746
      6.9712801      0.0471627      0.0026757      0.0448332      0.0023295
      7.0015202      0.0451649      0.0030574      0.0428013      0.0023636
      7.0317702      0.0474234      0.0057199      0.0450479      0.0023755
      7.0620098      0.0479261      0.0049518      0.0455505      0.0023756
      7.0922499      0.0475275      0.0025333      0.0451555      0.0023720
      7.1224899      0.0497435      0.0027572      0.0473700      0.0023735
      7.1527300      0.0495483      0.0025705      0.0471399      0.0024084
      7.1829801      0.0503071      0.0041559      0.0478274      0.0024797
      7.2132201      0.0521607      0.0026544      0.0495716      0.0025891
      7.2434602      0.0517265      0.0024839      0.0489691      0.0027574
      7.2737002      0.0508639      0.0027027      0.0478514      0.0030125
      7.3039398      0.0518645      0.0025212      0.0483996      0.0034649
      7.3341899      0.0525360      0.0033629      0.0486601      0.0038759
      7.3644300      0.0521213      0.0028905      0.0483849      0.0037364
      7.3946700      0.0525768      0.0038902      0.0490567      0.0035201
      7.4249101      0.0524378      0.0029139      0.0490295      0.0034083
      7.4551501      0.0533987      0.0068772      0.0499264      0.0034723
      7.4551501      0.0517493      0.0027679      0.0482770      0.0034723
      7.4854002      0.0539787      0.0033203      0.0504334      0.0035453
      7.5156398      0.0514623      0.0018247      0.0478381      0.0036242
      7.5761199      0.0555079      0.0036630      0.0516330      0.0038749
      7.5761199      0.0524222      0.0019930      0.0485473      0.0038749
      7.6366000      0.0542437      0.0019080      0.0499205      0.0043232
      7.6366000      0.0523615      0.0023126      0.0480383      0.0043232
      7.6970901      0.0548667      0.0019114      0.0499490      0.0049177
      7.6970901      0.0537695      0.0020087      0.0488518      0.0049177
      7.7575698      0.0575900      0.0067139      0.0518094      0.0057806
      7.7575698      0.0553107      0.0021527      0.0495301      0.0057806
      7.8180499      0.0600970      0.0024004      0.0531485      0.0069485
      7.8180499      0.0577865      0.0023612      0.0508380      0.0069485
      7.8785400      0.0616257      0.0022620      0.0532908      0.0083349
      7.8785400      0.0587469      0.0023673      0.0504120      0.0083349
      7.9390202      0.0620403      0.0018072      0.0524676      0.0095727
      7.9390202      0.0583939      0.0022337      0.0488212      0.0095727
      7.9995098      0.0640107      0.0019368      0.0538534      0.0101573
      7.9995098      0.0648641      0.0025013      0.0547068      0.0101573
      8.0599899      0.0664831      0.0027103      0.0563896      0.0100935
      8.0599899      0.0655754      0.0024618      0.0554819      0.0100935
      8.1204700      0.0642451      0.0020378      0.0543543      0.0098908
      8.1204700      0.0628428      0.0018451      0.0529520      0.0098908
      8.1809597      0.0640973      0.0018163      0.0543818      0.0097155
      8.1809597      0.0650196      0.0022345      0.0553041      0.0097155
      8.2414398      0.0657434      0.0017651      0.0564565      0.0092869
      8.2414398      0.0645856      0.0022130      0.0552987      0.0092869
      8.3019199      0.0649526      0.0021620      0.0564843      0.0084683
      8.3019199      0.0644226      0.0024701      0.0559543      0.0084683
      8.3624096      0.0651375      0.0028345      0.0576339      0.0075036
      8.3624096      0.0646807      0.0018648      0.0571771      0.0075036
      8.4228897      0.0647227      0.0016355      0.0580881      0.0066346
      8.4228897      0.0665903      0.0023436      0.0599557      0.0066346
      8.4833698      0.0651608      0.0013655      0.0592445      0.0059163
      8.4833698      0.0554660      0.0230992      0.0495497      0.0059163
      8.5438604      0.0647755      0.0019056      0.0593467      0.0054288
      8.6043396      0.0654565      0.0014991      0.0602785      0.0051780
      8.6648302      0.0658708      0.0023404      0.0607591      0.0051117
      8.7253103      0.0660928      0.0019930      0.0610086      0.0050842
      8.7857904      0.0662827      0.0014188      0.0611375      0.0051452
      8.8462801      0.0678680      0.0013261      0.0625357      0.0053323
      8.9067602      0.0685122      0.0038908      0.0628719      0.0056403
      8.9672403      0.0697494      0.0015360      0.0637702      0.0059792
      9.0277300      0.0708531      0.0017633      0.0648976      0.0059555
      9.0882101      0.0718307      0.0014771      0.0662588      0.0055719
      9.1486902      0.0713696      0.0015217      0.0665825      0.0047871
      9.2091799      0.0716796      0.0014236      0.0677191      0.0039605
      9.2696600      0.0721142      0.0018119      0.0688374      0.0032768
      9.3301497      0.0719396      0.0019170      0.0691599      0.0027797
      9.3906298      0.0746946      0.0017519      0.0721948      0.0024998
      9.4511099      0.0761326      0.0018913      0.0738514      0.0022812
      9.5115995      0.0761378      0.0031001      0.0740822      0.0020556
      9.5720797      0.0761159      0.0018828      0.0742279      0.0018880
      9.6325598      0.0764427      0.0016324      0.0746332      0.0018095
      9.6930504      0.0785150      0.0016527      0.0767615      0.0017535
      9.7535295      0.0808535      0.0020703      0.0791563      0.0016972
      9.8140097      0.0806222      0.0015208      0.0789780      0.0016442
      9.8745003      0.0817666      0.0014579      0.0801634      0.0016032
      9.9349804      0.0832647      0.0025853      0.0816843      0.0015804
      9.9954700      0.0844954      0.0019180      0.0829144      0.0015810
     10.0559502      0.0859748      0.0018685      0.0843565      0.0016183
     10.1164303      0.0869108      0.0032043      0.0852003      0.0017105
     10.1769199      0.0878834      0.0015363      0.0861880      0.0016954
     10.2374001      0.0891376      0.0052733      0.0875695      0.0015681
     10.2978802      0.0897489      0.0054690      0.0882600      0.0014889
     10.3583698      0.0911707      0.0022313      0.0897029      0.0014678
     10.4188499      0.0910303      0.0017137      0.0895617      0.0014686
     10.4793301      0.0924200      0.0019005      0.0909319      0.0014881
     10.5398197      0.0937978      0.0018127      0.0922844      0.0015134
     10.6002998      0.0939692      0.0016965      0.0924402      0.0015290
     10.6607904      0.0943741      0.0023639      0.0928345      0.0015396
     10.7212696      0.0960779      0.0016922      0.0945221      0.0015558
     10.7817497      0.0962946      0.0024183      0.0947019      0.0015927
     10.8422403      0.0966063      0.0033117      0.0949510      0.0016553
     10.9027205      0.0982936      0.0033931      0.0965452      0.0017484
     10.9631996      0.0994413      0.0035271      0.0975252      0.0019161
     11.0236902      0.1073103      0.0019563      0.1052009      0.0021094
     11.0841703      0.1057145      0.0028529      0.1034534      0.0022611
     11.1446505      0.1000113      0.0019632      0.0976327      0.0023786
     11.2051401      0.1019057      0.0023489      0.0994997      0.0024060
     11.2656202      0.1016695      0.0033085      0.0992258      0.0024437
     11.3261099      0.1028498      0.0024473      0.1003566      0.0024932
     11.3865900      0.1026088      0.0025499      0.0999610      0.0026478
     11.4470701      0.1030215      0.0050097      0.1001729      0.0028486
     11.5075598      0.1060667      0.0037038      0.1026824      0.0033843
     11.5680399      0.1068464      0.0029264      0.1028054      0.0040410
     11.6285200      0.1073990      0.0031185      0.1024168      0.0049822
     11.6890097      0.1106671      0.0027137      0.1037134      0.0069537
     11.7494898      0.1140043      0.0025839      0.1043880      0.0096163
     11.8099699      0.1160322      0.0029672      0.1057198      0.0103124
     11.8704596      0.1143106      0.0028810      0.1041198      0.0101908
     11.9309397      0.1142448      0.0020431      0.1054978      0.0087470
     11.9914303      0.1136225      0.0030510      0.1062252      0.0073973
     12.0519104      0.1116920      0.0028437      0.1052958      0.0063962
     12.1123896      0.1127448      0.0025331      0.1070375      0.0057073
     12.1728802      0.1137599      0.0029695      0.1085450      0.0052149
     12.2333603      0.1123943      0.0028452      0.1074331      0.0049612
     12.2938404      0.1121789      0.0023749      0.1073923      0.0047866
     12.3543301      0.1121110      0.0021619      0.1072534      0.0048576
     12.4148102      0.1134220      0.0029254      0.1084048      0.0050172
     12.4752903      0.1147358      0.0035244      0.1094318      0.0053040
     12.5357800      0.1149311      0.0025321      0.1094099      0.0055212
     12.5962601      0.1156442      0.0031289      0.1099597      0.0056845
     12.6567497      0.1158981      0.0023668      0.1102353      0.0056628
     12.7172298      0.1160879      0.0031007      0.1104462      0.0056417
     12.7777100      0.1171583      0.0030684      0.1114323      0.0057260
     12.8381996      0.1176658      0.0030770      0.1117205      0.0059453
     12.8986797      0.1181593      0.0037023      0.1118469      0.0063124
     12.9591599      0.1184791      0.0033892      0.1119060      0.0065731
     13.0196505      0.1189760      0.0031027      0.1121749      0.0068011
     13.0801296      0.1203175      0.0060012      0.1131157      0.0072018
     13.1406097      0.1206693      0.0034851      0.1130306      0.0076387
     13.2011003      0.1224512      0.0034062      0.1143010      0.0081502
     13.2615805      0.1229739      0.0034253      0.1141731      0.0088008
     13.3220596      0.1231659      0.0066826      0.1135884      0.0095775
     13.3825502      0.1242758      0.0042778      0.1128773      0.0113985
     13.4430304      0.1284122      0.0035836      0.1155130      0.0128992
     13.5035200      0.1257763      0.0035723      0.1154828      0.0102935
     13.5640001      0.1230004      0.0035658      0.1151759      0.0078245
     13.6244802      0.1229004      0.0038095      0.1165700      0.0063304
     13.6849699      0.1253467      0.0030505      0.1197204      0.0056263
     13.7454500      0.1251851      0.0035764      0.1196939      0.0054912
     13.8059301      0.1252000      0.0038415      0.1197442      0.0054558
     13.8664198      0.1265667      0.0038361      0.1211156      0.0054511
     13.9268999      0.1268109      0.0048301      0.1213560      0.0054549
     13.9873800      0.1249849      0.0055179      0.1195235      0.0054614
     14.0693502      0.1219145      0.0053984      0.1164347      0.0054798
     14.1540298      0.1298668      0.0035723      0.1243337      0.0055330
     14.2387104      0.1333310      0.0034806      0.1278116      0.0055194
     14.3233805      0.1344523      0.0034324      0.1290187      0.0054336
     14.4080601      0.1348088      0.0033423      0.1294836      0.0053252
     14.4927397      0.1341485      0.0025202      0.1288645      0.0052840
     14.5774097      0.1361293      0.0038355      0.1308030      0.0053263
     14.6620903      0.1387671      0.0045233      0.1333706      0.0053964
     14.7467699      0.1386565      0.0037810      0.1331575      0.0054990
     14.8314505      0.1401041      0.0022791      0.1344615      0.0056426
     14.9161196      0.1409725      0.0037927      0.1351573      0.0058151
     15.0008001      0.1456508      0.0025916      0.1398104      0.0058404
     15.0854797      0.1538091      0.0054466      0.1480957      0.0057134
     15.1701498      0.1475901      0.0052529      0.1420485      0.0055416
     15.2548304      0.1444271      0.0063302      0.1390213      0.0054058
     15.3395100      0.1456508      0.0063392      0.1403010      0.0053499
     15.4241800      0.1469283      0.0027677      0.1415906      0.0053377
     15.5088596      0.1491825      0.0031203      0.1438279      0.0053546
     15.5935402      0.1514572      0.0055898      0.1460749      0.0053823
     15.6782103      0.1497028      0.0055160      0.1443016      0.0054012
     15.7628899      0.1547507      0.0053490      0.1493466      0.0054041
     15.8475704      0.1587199      0.0033209      0.1533016      0.0054183
     15.9322395      0.1559305      0.0068521      0.1504631      0.0054674
     16.0169201      0.1579163      0.0041798      0.1523785      0.0055379
     16.1016006      0.1554328      0.0072224      0.1497633      0.0056695
     16.1862793      0.1567816      0.0030647      0.1508035      0.0059781
     16.2709503      0.1634526      0.0043369      0.1567514      0.0067012
     16.3556309      0.1739100      0.0053760      0.1667231      0.0071870
     16.4403095      0.1646017      0.0057138      0.1577826      0.0068191
     16.5249805      0.1623306      0.0033236      0.1559480      0.0063826
     16.6096592      0.1636421      0.0045065      0.1573386      0.0063035
     16.6943398      0.1670627      0.0052463      0.1606651      0.0063976
     16.7790108      0.1687705      0.0047833      0.1622952      0.0064753
     16.8636894      0.1681748      0.0051723      0.1616375      0.0065373
     16.9483700      0.1687073      0.0098305      0.1620123      0.0066950
     17.0330391      0.1671270      0.0050637      0.1600619      0.0070651
     17.1177197      0.1733604      0.0034019      0.1655940      0.0077664
     17.2024002      0.1753478      0.0037749      0.1666869      0.0086609
     17.2870693      0.1765129      0.0101063      0.1674663      0.0090466
     17.3717499      0.1769918      0.0082928      0.1680092      0.0089826
     17.4564304      0.1772120      0.0044202      0.1684433      0.0087687
     17.5411091      0.1774512      0.0048795      0.1686491      0.0088021
     17.6257801      0.1819838      0.0047077      0.1730218      0.0089620
     17.7104607      0.1845127      0.0071001      0.1752031      0.0093096
     17.7951393      0.1845196      0.0132340      0.1744883      0.0100313
     17.8798103      0.1857385      0.0054178      0.1751111      0.0106274
     17.9644909      0.1866126      0.0050922      0.1761363      0.0104763
     18.0491695      0.1843521      0.0048989      0.1744709      0.0098812
     18.1338406      0.1859082      0.0051617      0.1761170      0.0097912
     18.2185192      0.1896550      0.0170258      0.1798963      0.0097587
     18.3031998      0.1887595      0.0070112      0.1791980      0.0095615
     18.3878708      0.1927647      0.0046394      0.1836171      0.0091476
     18.4725494      0.1921813      0.0049437      0.1833987      0.0087826
     18.5572300      0.1935410      0.0104814      0.1848690      0.0086720
     18.6418991      0.1958571      0.0052380      0.1871981      0.0086590
     18.7265797      0.1946532      0.0108035      0.1859891      0.0086641
     18.8112602      0.1952954      0.0198723      0.1866818      0.0086136
     18.8959408      0.1969669      0.0078370      0.1884965      0.0084704
     18.9806099      0.1996497      0.0045110      0.1913029      0.0083468
     19.0652905      0.1999987      0.0057849      0.1916911      0.0083076
     19.1499691      0.2010711      0.0060740      0.1927404      0.0083307
     19.2346401      0.2022877      0.0047905      0.1938963      0.0083914
     19.3193207      0.2014523      0.0053513      0.1929703      0.0084820
     19.4039993      0.1962557      0.0038308      0.1875475      0.0087082
     19.4886703      0.1980581      0.0088738      0.1887018      0.0093563
     19.5733509      0.2015761      0.0061916      0.1909899      0.0105862
     19.6580296      0.2136486      0.0051600      0.2021001      0.0115485
     19.7427006      0.2025604      0.0105140      0.1916223      0.0109381
     19.8273792      0.2027978      0.0118704      0.1930111      0.0097867
     19.9120598      0.2008849      0.0058517      0.1913804      0.0095045
     19.9120598      0.1959633      0.0045133      0.1864588      0.0095045
     19.9967308      0.2010746      0.0053780      0.1915570      0.0095176
     20.0814095      0.2055205      0.0186808      0.1959614      0.0095591
     20.0814095      0.2000249      0.0047699      0.1904658      0.0095591
     20.1660900      0.2058083      0.0071088      0.1961919      0.0096164
     20.2507706      0.2064020      0.0062866      0.1967017      0.0097003
     20.2507706      0.2030117      0.0048565      0.1933114      0.0097003
     20.3354397      0.2056681      0.0080300      0.1958463      0.0098218
     20.4201202      0.2083591      0.0051009      0.1983694      0.0099898
     20.4201202      0.2030107      0.0059622      0.1930209      0.0099898
     20.5048008      0.2107581      0.0052760      0.2005907      0.0101674
     20.5894699      0.2007165      0.0161877      0.1904028      0.0103137
     20.5894699      0.2079969      0.0048127      0.1976832      0.0103137
     20.7588291      0.2182317      0.0041268      0.2076239      0.0106078
     20.7588291      0.2102662      0.0051837      0.1996584      0.0106078
     20.9281807      0.2057133      0.0047716      0.1948495      0.0108638
     20.9281807      0.2060411      0.0061445      0.1951773      0.0108638
     21.0975304      0.2124016      0.0095789      0.2012614      0.0111402
     21.0975304      0.2085044      0.0039837      0.1973642      0.0111402
     21.2668896      0.2168348      0.0231913      0.2053375      0.0114973
     21.2668896      0.2176199      0.0172736      0.2061226      0.0114973
     21.4362392      0.2134295      0.0111532      0.2016254      0.0118041
     21.4362392      0.2354459      0.0046693      0.2236418      0.0118041
     21.6056004      0.2114533      0.0085580      0.1993866      0.0120667
     21.7749500      0.2187836      0.0059721      0.2064151      0.0123685
     21.9442997      0.2197332      0.0157022      0.2069892      0.0127440
     22.1136608      0.2149214      0.0118279      0.2018215      0.0130999
     22.2830105      0.2208415      0.0170302      0.2074728      0.0133687
     22.4523602      0.2235665      0.0072445      0.2098978      0.0136687
     22.6217194      0.2199906      0.0069578      0.2059841      0.0140065
     22.7910709      0.2227952      0.0065119      0.2084255      0.0143697
     22.9604301      0.2261160      0.0030354      0.2113566      0.0147594
     23.1297798      0.2259640      0.0043694      0.2109178      0.0150462
     23.2991295      0.2226059      0.0063650      0.2071119      0.0154940
     23.4684906      0.2225388      0.0059566      0.2062362      0.0163026
     23.6378403      0.2249342      0.0033808      0.2085537      0.0163805
     23.8071899      0.2271091      0.0051742      0.2107141      0.0163950
     23.9765491      0.2281555      0.0043730      0.2113576      0.0167979
     24.1459007      0.2275442      0.0038866      0.2099169      0.0176272
     24.3152599      0.2315141      0.0038552      0.2133267      0.0181874
     24.4846096      0.2366856      0.0047549      0.2181904      0.0184952
     24.6539593      0.2324819      0.0064979      0.2139212      0.0185607
     24.8233204      0.2346212      0.0038170      0.2156457      0.0189755
     24.9926701      0.2394456      0.0041331      0.2197965      0.0196491
     25.1620197      0.2399104      0.0066140      0.2196240      0.0202864
     25.3313808      0.2383241      0.0121623      0.2178354      0.0204887
     25.5007305      0.2428531      0.0035535      0.2222683      0.0205848
     25.6700897      0.2447780      0.0090202      0.2237523      0.0210257
     25.8394394      0.2413389      0.0063476      0.2196179      0.0217210
     26.0087891      0.2417264      0.0070694      0.2193454      0.0223810
     26.1781502      0.2417396      0.0140666      0.2189141      0.0228255
     26.3474998      0.2422973      0.0152697      0.2192697      0.0230276
     26.5168495      0.2346070      0.0052386      0.2112348      0.0233722
     26.6862106      0.2377196      0.0031026      0.2137709      0.0239487
     26.8555603      0.2367377      0.0046287      0.2120681      0.0246696
     27.0249195      0.2537308      0.0163522      0.2280740      0.0256568
     27.1942692      0.2733116      0.0109177      0.2468748      0.0264368
     27.3636208      0.2632427      0.0139289      0.2368178      0.0264249
     27.5329800      0.2487006      0.0077045      0.2221861      0.0265145
     27.7023296      0.2476562      0.0090099      0.2206087      0.0270475
     27.8716793      0.2498038      0.0053322      0.2220660      0.0277378
     28.0410404      0.2428557      0.0070694      0.2143898      0.0284659
     28.2103901      0.2487978      0.0068302      0.2195947      0.0292031
     28.3797493      0.2532828      0.0092770      0.2236190      0.0296638
     28.5491009      0.2527027      0.0109619      0.2227062      0.0299965
     28.7184505      0.2542764      0.0130580      0.2239019      0.0303745
     28.8878098      0.2566402      0.0075620      0.2255525      0.0310877
     29.0571594      0.2615606      0.0056651      0.2294481      0.0321125
     29.2265091      0.2590675      0.0077246      0.2260617      0.0330058
     29.3958702      0.2572820      0.0133569      0.2236326      0.0336494
     29.5652199      0.2572941      0.0097028      0.2230372      0.0342569
     29.7345791      0.2574636      0.0084354      0.2229560      0.0345076
     29.9039307      0.2586178      0.0079856      0.2240442      0.0345736
     30.0732803      0.2599770      0.0060552      0.2248288      0.0351482
     30.2426395      0.2615446      0.0085622      0.2256143      0.0359302
     30.4119892      0.2635626      0.0089556      0.2265995      0.0369630
     30.5813408      0.2631492      0.0051774      0.2258311      0.0373181
     30.7507000      0.2645081      0.0076058      0.2264011      0.0381070
     30.9200497      0.2670574      0.0110847      0.2280545      0.0390029
     31.0894108      0.2723061      0.0065220      0.2327401      0.0395660
     31.2587605      0.2659984      0.0187378      0.2260870      0.0399114
     31.4281101      0.2663351      0.0107892      0.2258501      0.0404850
     31.5974693      0.2699656      0.0120246      0.2282937      0.0416719
     31.7668209      0.2634597      0.0069481      0.2211916      0.0422681
     31.9361706      0.2666779      0.0100618      0.2236941      0.0429838
     32.1055298      0.2675133      0.0058031      0.2240157      0.0434976
     32.2748795      0.2661102      0.0075658      0.2215327      0.0445775
     32.4442406      0.2741002      0.0076018      0.2290340      0.0450662
     32.6135902      0.2794028      0.0062481      0.2342275      0.0451753
     32.7829399      0.2749692      0.0137479      0.2291473      0.0458218
     32.9523010      0.2777632      0.0192020      0.2303500      0.0474131
     33.1216507      0.2796897      0.0139780      0.2312436      0.0484461
     33.2910004      0.2799975      0.0171674      0.2311126      0.0488849
     33.4603615      0.2860617      0.0110914      0.2361456      0.0499161
     33.6297112      0.2775243      0.0111522      0.2260548      0.0514695
     33.7990685      0.2849072      0.0171519      0.2333047      0.0516024
     33.9684181      0.2888085      0.0105735      0.2358591      0.0529494
     34.1377716      0.2857051      0.0133499      0.2319001      0.0538050
     34.3071289      0.2852986      0.0095646      0.2304124      0.0548862
     34.4764786      0.2857244      0.0120263      0.2289688      0.0567556
     34.6458282      0.2887354      0.0106108      0.2310747      0.0576607
     34.8151894      0.2898834      0.0224168      0.2316792      0.0582042
     34.9845390      0.2984692      0.0183351      0.2355860      0.0628832
     35.1539001      0.2974231      0.0203109      0.2316840      0.0657391
     35.3232498      0.2961955      0.0244757      0.2310208      0.0651747
     35.4925995      0.2988462      0.0129974      0.2365158      0.0623304
     35.6619606      0.3026185      0.0217908      0.2416396      0.0609790
     35.8313103      0.2984098      0.0164540      0.2357734      0.0626364
     36.0006599      0.2896882      0.0152635      0.2246986      0.0649896
     36.1700211      0.2903959      0.0147002      0.2246516      0.0657443
     36.3393707      0.2946067      0.0147726      0.2265422      0.0680644
     36.5087318      0.2929637      0.0469997      0.2184364      0.0745273
     36.6780815      0.3076295      0.0226295      0.2332181      0.0744114
     36.8474312      0.2956671      0.0152892      0.2274931      0.0681740
     37.0167885      0.2911307      0.0170675      0.2249829      0.0661478
     37.1861382      0.3081036      0.0334477      0.2409735      0.0671301
     37.3554916      0.2772174      0.0238395      0.2110486      0.0661688
