FORPRINT: Wed Jul 20 17:11:03 2022
      5.2474899      0.0381513      0.0043387      0.0379453      0.0002060
      5.2777300      0.0397877      0.0035166      0.0395903      0.0001974
      5.3079700      0.0398103      0.0028136      0.0396140      0.0001963
      5.3382101      0.0375924      0.0033836      0.0374063      0.0001861
      5.3684602      0.0385565      0.0042570      0.0383636      0.0001929
      5.3987002      0.0399717      0.0029697      0.0397559      0.0002158
      5.4289398      0.0382276      0.0031180      0.0379963      0.0002313
      5.4591799      0.0376453      0.0025335      0.0374161      0.0002292
      5.4894199      0.0382267      0.0024867      0.0380072      0.0002195
      5.5196700      0.0399772      0.0023162      0.0397553      0.0002219
      5.5499101      0.0398281      0.0023326      0.0396166      0.0002115
      5.5801501      0.0398366      0.0028207      0.0396242      0.0002124
      5.6103902      0.0418576      0.0027586      0.0416418      0.0002158
      5.6406298      0.0419021      0.0027096      0.0416936      0.0002085
      5.6708798      0.0414591      0.0024252      0.0412466      0.0002125
      5.7011199      0.0405347      0.0022046      0.0403144      0.0002203
      5.7313600      0.0407547      0.0025830      0.0405216      0.0002331
      5.7616000      0.0403380      0.0025676      0.0400913      0.0002467
      5.7918401      0.0402660      0.0020887      0.0400054      0.0002606
      5.8220901      0.0401222      0.0021120      0.0398456      0.0002766
      5.8523302      0.0406587      0.0021616      0.0403717      0.0002870
      5.8825698      0.0402346      0.0033290      0.0399277      0.0003069
      5.9128098      0.0412557      0.0037441      0.0409322      0.0003235
      5.9430499      0.0415474      0.0026509      0.0412165      0.0003309
      5.9733000      0.0414270      0.0024301      0.0410762      0.0003508
      6.0035400      0.0425988      0.0027144      0.0422059      0.0003929
      6.0337801      0.0437838      0.0036957      0.0433438      0.0004400
      6.0640202      0.0428877      0.0034985      0.0423649      0.0005228
      6.0942602      0.0418444      0.0032878      0.0412576      0.0005868
      6.1245098      0.0444608      0.0041421      0.0438822      0.0005786
      6.1547499      0.0449704      0.0037239      0.0444302      0.0005402
      6.1849899      0.0432389      0.0032232      0.0426875      0.0005514
      6.2152300      0.0437776      0.0031915      0.0432066      0.0005710
      6.2454700      0.0422657      0.0033653      0.0417610      0.0005046
      6.2757201      0.0413104      0.0035360      0.0408802      0.0004302
      6.3059602      0.0413298      0.0030366      0.0409111      0.0004187
      6.3362002      0.0434672      0.0027076      0.0430361      0.0004311
      6.3664398      0.0447894      0.0041038      0.0443267      0.0004627
      6.3966799      0.0434544      0.0025136      0.0429325      0.0005219
      6.4269300      0.0433353      0.0040819      0.0427788      0.0005565
      6.4571700      0.0442085      0.0031590      0.0436446      0.0005639
      6.4874101      0.0431213      0.0032601      0.0425206      0.0006007
      6.5176501      0.0436914      0.0063259      0.0429905      0.0007009
      6.5478902      0.0419549      0.0036872      0.0411377      0.0008172
      6.5781398      0.0433625      0.0036950      0.0424627      0.0008998
      6.6083798      0.0421853      0.0035629      0.0412203      0.0009650
      6.6386199      0.0447563      0.0031913      0.0437855      0.0009708
      6.6688600      0.0441658      0.0035872      0.0432160      0.0009498
      6.6991000      0.0454153      0.0037798      0.0445229      0.0008924
      6.7293501      0.0434827      0.0039462      0.0426504      0.0008323
      6.7595901      0.0429868      0.0041035      0.0421679      0.0008189
      6.7898302      0.0419736      0.0039193      0.0411314      0.0008422
      6.8200698      0.0429018      0.0038568      0.0420361      0.0008657
      6.8503098      0.0439236      0.0037828      0.0430309      0.0008927
      6.8805599      0.0458839      0.0034538      0.0449838      0.0009001
      6.9108000      0.0451030      0.0046882      0.0441767      0.0009263
      6.9410400      0.0437146      0.0044367      0.0426711      0.0010435
      6.9712801      0.0426324      0.0042927      0.0414200      0.0012124
      7.0015202      0.0433491      0.0041339      0.0419861      0.0013630
      7.0317702      0.0450181      0.0039679      0.0435716      0.0014465
      7.0620098      0.0457142      0.0035608      0.0441908      0.0015234
      7.0922499      0.0454913      0.0038415      0.0437867      0.0017046
      7.1224899      0.0448230      0.0069530      0.0427295      0.0020935
      7.1527300      0.0449775      0.0033524      0.0421351      0.0028424
      7.1829801      0.0458252      0.0035259      0.0419652      0.0038600
      7.2132201      0.0458842      0.0039293      0.0412224      0.0046618
      7.2434602      0.0457404      0.0048733      0.0408991      0.0048413
      7.2737002      0.0456683      0.0064243      0.0411847      0.0044836
      7.3039398      0.0478610      0.0039480      0.0439904      0.0038706
      7.3341899      0.0451552      0.0078877      0.0418623      0.0032929
      7.3644300      0.0457240      0.0096353      0.0428651      0.0028589
      7.3946700      0.0462020      0.0048922      0.0436951      0.0025069
      7.4249101      0.0432793      0.0044324      0.0410143      0.0022650
      7.4551501      0.0456623      0.0050389      0.0435850      0.0020773
      7.4551501      0.0433114      0.0035798      0.0412341      0.0020773
      7.4854002      0.0482325      0.0045893      0.0463309      0.0019016
      7.5156398      0.0430207      0.0027378      0.0412386      0.0017821
      7.5761199      0.0464523      0.0030403      0.0447785      0.0016738
      7.5761199      0.0431198      0.0028747      0.0414460      0.0016738
      7.6366000      0.0471337      0.0035034      0.0454824      0.0016513
      7.6366000      0.0438949      0.0032810      0.0422436      0.0016513
      7.6970901      0.0479543      0.0024982      0.0462166      0.0017377
      7.6970901      0.0447942      0.0043150      0.0430565      0.0017377
      7.7575698      0.0461067      0.0029167      0.0443069      0.0017998
      7.7575698      0.0427308      0.0039781      0.0409310      0.0017998
      7.8180499      0.0472415      0.0024077      0.0454306      0.0018109
      7.8180499      0.0441164      0.0036381      0.0423055      0.0018109
      7.8785400      0.0467304      0.0051881      0.0449244      0.0018060
      7.8785400      0.0429148      0.0027100      0.0411088      0.0018060
      7.9390202      0.0449647      0.0041541      0.0431170      0.0018477
      7.9390202      0.0444480      0.0064235      0.0426003      0.0018477
      7.9995098      0.0474426      0.0026942      0.0454584      0.0019842
      7.9995098      0.0452838      0.0026496      0.0432996      0.0019842
      8.0599899      0.0470075      0.0049208      0.0447343      0.0022732
      8.0599899      0.0458273      0.0028842      0.0435541      0.0022732
      8.1204700      0.0469915      0.0026597      0.0440585      0.0029330
      8.1204700      0.0446840      0.0029646      0.0417510      0.0029330
      8.1809597      0.0474858      0.0039262      0.0447187      0.0027671
      8.1809597      0.0443113      0.0025157      0.0415442      0.0027671
      8.2414398      0.0474098      0.0034369      0.0447979      0.0026119
      8.2414398      0.0450251      0.0026607      0.0424132      0.0026119
      8.3019199      0.0471155      0.0028679      0.0444076      0.0027079
      8.3019199      0.0455852      0.0022034      0.0428773      0.0027079
      8.3624096      0.0476462      0.0022361      0.0448170      0.0028292
      8.3624096      0.0462858      0.0021441      0.0434566      0.0028292
      8.4228897      0.0482433      0.0029737      0.0451763      0.0030670
      8.4228897      0.0475211      0.0033221      0.0444541      0.0030670
      8.4833698      0.0496112      0.0030049      0.0462150      0.0033962
      8.4833698      0.0396531      0.0175915      0.0362569      0.0033962
      8.5438604      0.0491042      0.0025005      0.0452653      0.0038389
      8.6043396      0.0503623      0.0028793      0.0459012      0.0044611
      8.6648302      0.0506489      0.0021269      0.0453833      0.0052656
      8.7253103      0.0513914      0.0021746      0.0451752      0.0062162
      8.7857904      0.0521121      0.0023615      0.0450142      0.0070979
      8.8462801      0.0524169      0.0024078      0.0447450      0.0076719
      8.9067602      0.0525538      0.0027744      0.0448047      0.0077491
      8.9672403      0.0497583      0.0030840      0.0421622      0.0075961
      9.0277300      0.0504305      0.0045951      0.0429416      0.0074889
      9.0882101      0.0509980      0.0021196      0.0436406      0.0073574
      9.1486902      0.0509347      0.0042988      0.0439514      0.0069833
      9.2091799      0.0511990      0.0040492      0.0448118      0.0063872
      9.2696600      0.0501133      0.0024671      0.0443885      0.0057248
      9.3301497      0.0508518      0.0030593      0.0457279      0.0051239
      9.3906298      0.0508068      0.0021204      0.0462087      0.0045981
      9.4511099      0.0513027      0.0048446      0.0470643      0.0042384
      9.5115995      0.0508860      0.0021549      0.0468912      0.0039948
      9.5720797      0.0509208      0.0019554      0.0470037      0.0039171
      9.6325598      0.0513954      0.0025900      0.0475132      0.0038822
      9.6930504      0.0526076      0.0021118      0.0487283      0.0038793
      9.7535295      0.0530087      0.0061972      0.0490680      0.0039407
      9.8140097      0.0538917      0.0029592      0.0498039      0.0040878
      9.8745003      0.0535970      0.0029889      0.0492964      0.0043006
      9.9349804      0.0540799      0.0020558      0.0495463      0.0045336
      9.9954700      0.0548715      0.0042378      0.0503067      0.0045648
     10.0559502      0.0558886      0.0030637      0.0515339      0.0043547
     10.1164303      0.0559130      0.0025580      0.0520270      0.0038860
     10.1769199      0.0567066      0.0021844      0.0533893      0.0033173
     10.2374001      0.0562859      0.0023260      0.0535038      0.0027821
     10.2978802      0.0557873      0.0025062      0.0534305      0.0023568
     10.3583698      0.0566826      0.0028571      0.0546325      0.0020501
     10.4188499      0.0584096      0.0045841      0.0565256      0.0018840
     10.4793301      0.0599160      0.0024883      0.0581833      0.0017327
     10.5398197      0.0603159      0.0025271      0.0587387      0.0015772
     10.6002998      0.0627509      0.0025187      0.0612978      0.0014530
     10.6607904      0.0625570      0.0052192      0.0611656      0.0013914
     10.7212696      0.0631551      0.0037577      0.0618036      0.0013515
     10.7817497      0.0642754      0.0029059      0.0629627      0.0013127
     10.8422403      0.0643471      0.0032086      0.0630722      0.0012749
     10.9027205      0.0652896      0.0028884      0.0640492      0.0012404
     10.9631996      0.0642793      0.0029176      0.0630631      0.0012162
     11.0236902      0.0662978      0.0054633      0.0650949      0.0012029
     11.0841703      0.0675506      0.0051194      0.0663453      0.0012053
     11.1446505      0.0679359      0.0030020      0.0667047      0.0012312
     11.2051401      0.0707302      0.0029105      0.0694301      0.0013001
     11.2656202      0.0702729      0.0027560      0.0689727      0.0013002
     11.3261099      0.0679541      0.0029415      0.0667277      0.0012264
     11.3865900      0.0691583      0.0034017      0.0680036      0.0011547
     11.4470701      0.0703234      0.0043128      0.0692013      0.0011221
     11.5075598      0.0707564      0.0029324      0.0696390      0.0011174
     11.5680399      0.0695136      0.0029445      0.0683928      0.0011208
     11.6285200      0.0710174      0.0049580      0.0698802      0.0011372
     11.6890097      0.0729285      0.0027667      0.0717739      0.0011546
     11.7494898      0.0715284      0.0049681      0.0703635      0.0011649
     11.8099699      0.0718026      0.0066946      0.0706304      0.0011722
     11.8704596      0.0718983      0.0031234      0.0707186      0.0011797
     11.9309397      0.0714133      0.0036568      0.0702088      0.0012046
     11.9914303      0.0736555      0.0048948      0.0724204      0.0012351
     12.0519104      0.0738137      0.0054269      0.0725180      0.0012957
     12.1123896      0.0721210      0.0041757      0.0707493      0.0013717
     12.1728802      0.0745170      0.0050178      0.0730134      0.0015036
     12.2333603      0.0764368      0.0038288      0.0748040      0.0016328
     12.2938404      0.0747866      0.0040363      0.0730533      0.0017333
     12.3543301      0.0757182      0.0032759      0.0739058      0.0018124
     12.4148102      0.0754686      0.0062807      0.0736374      0.0018312
     12.4752903      0.0758336      0.0055880      0.0739788      0.0018548
     12.5357800      0.0764380      0.0040427      0.0745504      0.0018876
     12.5962601      0.0766554      0.0032026      0.0746948      0.0019606
     12.6567497      0.0755632      0.0036109      0.0734728      0.0020904
     12.7172298      0.0759483      0.0040768      0.0736113      0.0023370
     12.7777100      0.0785729      0.0031739      0.0758677      0.0027052
     12.8381996      0.0788891      0.0030419      0.0756580      0.0032311
     12.8986797      0.0757646      0.0031901      0.0718765      0.0038881
     12.9591599      0.0772495      0.0051001      0.0719175      0.0053320
     13.0196505      0.0803892      0.0038578      0.0731881      0.0072011
     13.0801296      0.0809246      0.0032055      0.0730839      0.0078407
     13.1406097      0.0802005      0.0039627      0.0723124      0.0078881
     13.2011003      0.0805116      0.0058531      0.0734052      0.0071064
     13.2615805      0.0806547      0.0033648      0.0745915      0.0060632
     13.3220596      0.0772374      0.0037482      0.0719273      0.0053101
     13.3825502      0.0751265      0.0033607      0.0704926      0.0046339
     13.4430304      0.0770844      0.0036888      0.0728233      0.0042611
     13.5035200      0.0779534      0.0048362      0.0740293      0.0039241
     13.5640001      0.0774820      0.0034901      0.0737076      0.0037744
     13.6244802      0.0759774      0.0036901      0.0723241      0.0036533
     13.6849699      0.0757516      0.0129238      0.0720588      0.0036928
     13.7454500      0.0754572      0.0056812      0.0716816      0.0037756
     13.8059301      0.0753551      0.0105926      0.0713911      0.0039640
     13.8664198      0.0773928      0.0044386      0.0732499      0.0041429
     13.9268999      0.0740749      0.0047499      0.0698050      0.0042699
     13.9873800      0.0752013      0.0082100      0.0708582      0.0043431
     14.0693502      0.0754329      0.0092763      0.0711427      0.0042902
     14.1540298      0.0755791      0.0044317      0.0712272      0.0043519
     14.2387104      0.0756253      0.0071535      0.0710673      0.0045580
     14.3233805      0.0748949      0.0046274      0.0700029      0.0048920
     14.4080601      0.0769965      0.0035361      0.0718815      0.0051150
     14.4927397      0.0774954      0.0037653      0.0720426      0.0054528
     14.5774097      0.0734490      0.0037011      0.0675706      0.0058784
     14.6620903      0.0756455      0.0077500      0.0692637      0.0063818
     14.7467699      0.0767856      0.0035586      0.0696791      0.0071065
     14.8314505      0.0766959      0.0035400      0.0681075      0.0085884
     14.9161196      0.0818700      0.0026588      0.0722292      0.0096408
     15.0008001      0.0762425      0.0026736      0.0694465      0.0067960
     15.0854797      0.0761975      0.0069432      0.0710686      0.0051289
     15.1701498      0.0746343      0.0045602      0.0703461      0.0042882
     15.2548304      0.0738835      0.0036325      0.0697208      0.0041627
     15.3395100      0.0750170      0.0023848      0.0708621      0.0041549
     15.4241800      0.0765822      0.0027131      0.0724263      0.0041559
     15.5088596      0.0766444      0.0025768      0.0724825      0.0041619
     15.5935402      0.0760940      0.0025785      0.0719193      0.0041747
     15.6782103      0.0756869      0.0030476      0.0714758      0.0042111
     15.7628899      0.0763342      0.0027216      0.0721216      0.0042126
     15.8475704      0.0777200      0.0030064      0.0735474      0.0041726
     15.9322395      0.0773751      0.0038441      0.0732916      0.0040835
     16.0169201      0.0774848      0.0052469      0.0734463      0.0040385
     16.1016006      0.0783168      0.0040192      0.0742822      0.0040346
     16.1862793      0.0784635      0.0031174      0.0743917      0.0040718
     16.2709503      0.0787244      0.0029801      0.0746020      0.0041224
     16.3556309      0.0785191      0.0049919      0.0743210      0.0041981
     16.4403095      0.0782554      0.0025346      0.0739579      0.0042975
     16.5249805      0.0794002      0.0027264      0.0749822      0.0044180
     16.6096592      0.0826673      0.0045266      0.0782175      0.0044498
     16.6943398      0.0789807      0.0027881      0.0745883      0.0043924
     16.7790108      0.0775183      0.0035999      0.0732410      0.0042773
     16.8636894      0.0811521      0.0031002      0.0769936      0.0041585
     16.9483700      0.0797303      0.0027559      0.0756297      0.0041006
     17.0330391      0.0807599      0.0047294      0.0766864      0.0040735
     17.1177197      0.0802385      0.0042069      0.0761723      0.0040662
     17.2024002      0.0769746      0.0040378      0.0728926      0.0040820
     17.2870693      0.0801310      0.0038617      0.0760296      0.0041014
     17.3717499      0.0829582      0.0040147      0.0788426      0.0041156
     17.4564304      0.0852717      0.0033659      0.0811546      0.0041171
     17.5411091      0.0829154      0.0045512      0.0787913      0.0041241
     17.6257801      0.0820333      0.0033687      0.0778836      0.0041497
     17.7104607      0.0864074      0.0053816      0.0822157      0.0041917
     17.7951393      0.0852550      0.0049284      0.0810105      0.0042445
     17.8798103      0.0826326      0.0047173      0.0782631      0.0043695
     17.9644909      0.0865575      0.0035046      0.0818786      0.0046789
     18.0491695      0.0889973      0.0039476      0.0838258      0.0051715
     18.1338406      0.0918994      0.0045437      0.0864192      0.0054802
     18.2185192      0.0880871      0.0033452      0.0828526      0.0052344
     18.3031998      0.0896931      0.0050690      0.0848114      0.0048817
     18.3878708      0.0885762      0.0055336      0.0837858      0.0047904
     18.4725494      0.0897516      0.0051451      0.0849040      0.0048476
     18.5572300      0.0934961      0.0054605      0.0885889      0.0049072
     18.6418991      0.0904827      0.0049319      0.0855256      0.0049571
     18.7265797      0.0920808      0.0028741      0.0870844      0.0049964
     18.8112602      0.0961769      0.0035543      0.0910284      0.0051485
     18.8959408      0.0960088      0.0030955      0.0905513      0.0054575
     18.9806099      0.0965206      0.0067435      0.0905759      0.0059447
     19.0652905      0.0955718      0.0054411      0.0890078      0.0065640
     19.1499691      0.0954176      0.0044153      0.0885522      0.0068654
     19.2346401      0.0983148      0.0049865      0.0914104      0.0069044
     19.3193207      0.0954040      0.0060606      0.0886924      0.0067116
     19.4039993      0.0950765      0.0046067      0.0883892      0.0066873
     19.4886703      0.0961895      0.0049375      0.0894339      0.0067556
     19.5733509      0.0999815      0.0050681      0.0930812      0.0069003
     19.6580296      0.0962942      0.0059321      0.0891099      0.0071843
     19.7427006      0.0956471      0.0050794      0.0878843      0.0077628
     19.8273792      0.0977870      0.0046972      0.0896914      0.0080956
     19.9120598      0.0952242      0.0056820      0.0872333      0.0079909
     19.9120598      0.0968384      0.0045798      0.0888475      0.0079909
     19.9967308      0.0933705      0.0065009      0.0857790      0.0075915
     20.0814095      0.0981057      0.0051705      0.0906431      0.0074626
     20.0814095      0.0981755      0.0033088      0.0907129      0.0074626
     20.1660900      0.1003412      0.0078238      0.0928939      0.0074473
     20.2507706      0.0970724      0.0103374      0.0896564      0.0074160
     20.2507706      0.0962796      0.0032737      0.0888636      0.0074160
     20.3354397      0.0962615      0.0246347      0.0891311      0.0071304
     20.4201202      0.0900069      0.0055861      0.0831440      0.0068629
     20.4201202      0.0946203      0.0034667      0.0877574      0.0068629
     20.5048008      0.0963005      0.0078400      0.0896446      0.0066559
     20.5894699      0.0985528      0.0063345      0.0919527      0.0066001
     20.5894699      0.0978642      0.0050563      0.0912642      0.0066001
     20.7588291      0.1021934      0.0057701      0.0955913      0.0066021
     20.7588291      0.0960059      0.0041093      0.0894038      0.0066021
     20.9281807      0.1036001      0.0042391      0.0971230      0.0064771
     20.9281807      0.1002878      0.0027514      0.0938107      0.0064771
     21.0975304      0.1014653      0.0049208      0.0951312      0.0063341
     21.0975304      0.1024513      0.0038578      0.0961172      0.0063341
     21.2668896      0.0982198      0.0064667      0.0918544      0.0063654
     21.2668896      0.1051570      0.0037347      0.0987917      0.0063654
     21.4362392      0.1011857      0.0051372      0.0946948      0.0064909
     21.4362392      0.1054331      0.0051724      0.0989422      0.0064909
     21.6056004      0.1033421      0.0068134      0.0962059      0.0071362
     21.7749500      0.1041803      0.0065604      0.0954041      0.0087762
     21.9442997      0.1087292      0.0061002      0.1009258      0.0078034
     22.1136608      0.1076415      0.0032212      0.1004006      0.0072409
     22.2830105      0.1100608      0.0048980      0.1027675      0.0072933
     22.4523602      0.1065090      0.0041630      0.0991154      0.0073936
     22.6217194      0.1079467      0.0034056      0.1003590      0.0075877
     22.7910709      0.1069993      0.0055409      0.0991806      0.0078187
     22.9604301      0.1084883      0.0049606      0.1004664      0.0080219
     23.1297798      0.1087816      0.0043743      0.1005770      0.0082046
     23.2991295      0.1071967      0.0054099      0.0988100      0.0083867
     23.4684906      0.1073041      0.0039949      0.0987013      0.0086028
     23.6378403      0.1089616      0.0053428      0.1001132      0.0088484
     23.8071899      0.1116368      0.0041865      0.1025939      0.0090430
     23.9765491      0.1102347      0.0028550      0.1010120      0.0092227
     24.1459007      0.1108640      0.0035992      0.1014298      0.0094342
     24.3152599      0.1137138      0.0033056      0.1040211      0.0096927
     24.4846096      0.1135718      0.0042902      0.1036313      0.0099405
     24.6539593      0.1144257      0.0085473      0.1042885      0.0101371
     24.8233204      0.1146284      0.0079514      0.1043020      0.0103264
     24.9926701      0.1141399      0.0037426      0.1035847      0.0105552
     25.1620197      0.1150922      0.0030238      0.1042998      0.0107924
     25.3313808      0.1179159      0.0029096      0.1068642      0.0110517
     25.5007305      0.1169198      0.0026425      0.1055964      0.0113234
     25.6700897      0.1183665      0.0034702      0.1069263      0.0114402
     25.8394394      0.1184079      0.0036837      0.1065595      0.0118484
     26.0087891      0.1215707      0.0046094      0.1091660      0.0124047
     26.1781502      0.1214108      0.0065565      0.1089174      0.0124934
     26.3474998      0.1220554      0.0086654      0.1095724      0.0124830
     26.5168495      0.1221450      0.0037351      0.1095188      0.0126261
     26.6862106      0.1208761      0.0069699      0.1076983      0.0131778
     26.8555603      0.1238630      0.0092677      0.1102231      0.0136399
     27.0249195      0.1248538      0.0039663      0.1108652      0.0139886
     27.1942692      0.1262063      0.0034191      0.1121096      0.0140967
     27.3636208      0.1273856      0.0031628      0.1132108      0.0141748
     27.5329800      0.1290960      0.0036140      0.1146017      0.0144943
     27.7023296      0.1275943      0.0077695      0.1126334      0.0149609
     27.8716793      0.1279821      0.0032592      0.1125652      0.0154169
     28.0410404      0.1273844      0.0042645      0.1117873      0.0155971
     28.2103901      0.1293636      0.0047048      0.1137130      0.0156506
     28.3797493      0.1293020      0.0044315      0.1134844      0.0158176
     28.5491009      0.1292490      0.0071363      0.1129450      0.0163040
     28.7184505      0.1315514      0.0041309      0.1147997      0.0167517
     28.8878098      0.1299127      0.0047463      0.1127282      0.0171845
     29.0571594      0.1307048      0.0044104      0.1132832      0.0174216
     29.2265091      0.1318640      0.0050365      0.1142955      0.0175685
     29.3958702      0.1319225      0.0042940      0.1141129      0.0178096
     29.5652199      0.1365387      0.0057772      0.1183367      0.0182020
     29.7345791      0.1337939      0.0059015      0.1151216      0.0186723
     29.9039307      0.1385033      0.0039085      0.1191820      0.0193213
     30.0732803      0.1431183      0.0063006      0.1231541      0.0199642
     30.2426395      0.1403557      0.0044369      0.1201666      0.0201891
     30.4119892      0.1386457      0.0043877      0.1185275      0.0201182
     30.5813408      0.1412060      0.0070905      0.1209067      0.0202993
     30.7507000      0.1463354      0.0067136      0.1256102      0.0207252
     30.9200497      0.1405254      0.0065592      0.1193318      0.0211936
     31.0894108      0.1406716      0.0045612      0.1189671      0.0217045
     31.2587605      0.1399288      0.0053841      0.1177096      0.0222192
     31.4281101      0.1412938      0.0054442      0.1187423      0.0225515
     31.5974693      0.1457559      0.0053717      0.1229617      0.0227942
     31.7668209      0.1425429      0.0058005      0.1195278      0.0230151
     31.9361706      0.1435507      0.0072793      0.1201463      0.0234044
     32.1055298      0.1441843      0.0079400      0.1201579      0.0240264
     32.2748795      0.1433207      0.0058766      0.1186029      0.0247178
     32.4442406      0.1450240      0.0062537      0.1197424      0.0252816
     32.6135902      0.1435353      0.0064428      0.1178316      0.0257037
     32.7829399      0.1457689      0.0070714      0.1196497      0.0261192
     32.9523010      0.1514108      0.0108101      0.1251181      0.0262927
     33.1216507      0.1576598      0.0079926      0.1313317      0.0263281
     33.2910004      0.1613781      0.0094820      0.1347288      0.0266493
     33.4603615      0.1551354      0.0071901      0.1279808      0.0271546
     33.6297112      0.1556895      0.0276080      0.1278415      0.0278480
     33.7990685      0.1570659      0.0309317      0.1287190      0.0283469
     33.9684181      0.1631397      0.0092573      0.1345920      0.0285478
     34.1377716      0.1586842      0.0100984      0.1294418      0.0292424
     34.3071289      0.1578433      0.0126999      0.1280445      0.0297989
     34.4764786      0.1585680      0.0142240      0.1283976      0.0301704
     34.6458282      0.1603125      0.0103933      0.1299081      0.0304044
     34.8151894      0.1595061      0.0222004      0.1287908      0.0307153
     34.9845390      0.1585371      0.0100376      0.1269594      0.0315777
     35.1539001      0.1589625      0.0110878      0.1269061      0.0320564
     35.3232498      0.1543718      0.0122633      0.1218485      0.0325233
     35.4925995      0.1577829      0.0226816      0.1248319      0.0329510
     35.6619606      0.1560811      0.0163212      0.1226479      0.0334332
     35.8313103      0.1650769      0.0166170      0.1308982      0.0341787
     36.0006599      0.1551993      0.0158827      0.1208435      0.0343558
     36.1700211      0.1599428      0.0162330      0.1255084      0.0344344
     36.3393707      0.1613154      0.0222584      0.1264102      0.0349052
     36.5087318      0.1516291      0.0189004      0.1156324      0.0359967
     36.6780815      0.1669150      0.0184590      0.1300485      0.0368665
     36.8474312      0.1568555      0.0179855      0.1197626      0.0370929
     37.0167885      0.1499824      0.0238711      0.1123169      0.0376655
     37.1861382      0.1585526      0.0312601      0.1199047      0.0386479
     37.3554916      0.1615651      0.0226782      0.1221172      0.0394479
