FORPRINT: Wed Jul 20 17:11:03 2022
      5.2474899      0.0087445      0.0009929      0.0087065      0.0000380
      5.2777300      0.0098543      0.0006303      0.0098154      0.0000389
      5.3079700      0.0093214      0.0007890      0.0092832      0.0000382
      5.3382101      0.0089607      0.0009704      0.0089218      0.0000389
      5.3684602      0.0089508      0.0005876      0.0089123      0.0000385
      5.3987002      0.0094879      0.0007412      0.0094479      0.0000400
      5.4289398      0.0099043      0.0005674      0.0098635      0.0000408
      5.4591799      0.0087888      0.0009337      0.0087456      0.0000432
      5.4894199      0.0092838      0.0005270      0.0092385      0.0000453
      5.5196700      0.0100509      0.0009014      0.0099982      0.0000527
      5.5499101      0.0097706      0.0004998      0.0097203      0.0000503
      5.5801501      0.0099613      0.0007801      0.0099186      0.0000427
      5.6103902      0.0098323      0.0007907      0.0097925      0.0000398
      5.6406298      0.0095144      0.0005129      0.0094758      0.0000386
      5.6708798      0.0094172      0.0006603      0.0093791      0.0000381
      5.7011199      0.0094105      0.0004743      0.0093716      0.0000389
      5.7313600      0.0096195      0.0005269      0.0095813      0.0000382
      5.7616000      0.0098307      0.0004873      0.0097957      0.0000350
      5.7918401      0.0095380      0.0006317      0.0095055      0.0000325
      5.8220901      0.0097428      0.0007177      0.0097113      0.0000315
      5.8523302      0.0101028      0.0007335      0.0100682      0.0000346
      5.8825698      0.0099982      0.0015008      0.0099593      0.0000389
      5.9128098      0.0107973      0.0005754      0.0107561      0.0000412
      5.9430499      0.0106339      0.0010616      0.0105925      0.0000414
      5.9733000      0.0102078      0.0008848      0.0101669      0.0000409
      6.0035400      0.0102460      0.0005813      0.0102056      0.0000404
      6.0337801      0.0106288      0.0006315      0.0105890      0.0000398
      6.0640202      0.0104669      0.0006597      0.0104260      0.0000409
      6.0942602      0.0105026      0.0015093      0.0104659      0.0000367
      6.1245098      0.0109738      0.0008094      0.0109395      0.0000343
      6.1547499      0.0107768      0.0017406      0.0107422      0.0000346
      6.1849899      0.0106583      0.0015244      0.0106252      0.0000331
      6.2152300      0.0110067      0.0007567      0.0109736      0.0000331
      6.2454700      0.0107859      0.0012590      0.0107544      0.0000315
      6.2757201      0.0109035      0.0007969      0.0108720      0.0000315
      6.3059602      0.0109580      0.0006510      0.0109244      0.0000336
      6.3362002      0.0109786      0.0008632      0.0109414      0.0000372
      6.3664398      0.0110522      0.0007428      0.0110137      0.0000385
      6.3966799      0.0112453      0.0006988      0.0112069      0.0000384
      6.4269300      0.0112400      0.0006270      0.0112026      0.0000374
      6.4571700      0.0106227      0.0006631      0.0105854      0.0000373
      6.4874101      0.0105943      0.0008861      0.0105584      0.0000359
      6.5176501      0.0108903      0.0011042      0.0108548      0.0000355
      6.5478902      0.0109309      0.0011724      0.0108952      0.0000357
      6.5781398      0.0116348      0.0007882      0.0115987      0.0000361
      6.6083798      0.0116410      0.0009821      0.0116060      0.0000350
      6.6386199      0.0117272      0.0008438      0.0116918      0.0000354
      6.6688600      0.0113628      0.0008280      0.0113263      0.0000365
      6.6991000      0.0113980      0.0008392      0.0113600      0.0000380
      6.7293501      0.0116068      0.0012982      0.0115669      0.0000399
      6.7595901      0.0113435      0.0008619      0.0113016      0.0000419
      6.7898302      0.0116587      0.0008374      0.0116148      0.0000439
      6.8200698      0.0121151      0.0007389      0.0120688      0.0000463
      6.8503098      0.0119410      0.0006961      0.0118936      0.0000474
      6.8805599      0.0116961      0.0007930      0.0116455      0.0000506
      6.9108000      0.0115051      0.0007973      0.0114522      0.0000529
      6.9410400      0.0113876      0.0009818      0.0113330      0.0000546
      6.9712801      0.0119479      0.0010875      0.0118918      0.0000561
      7.0015202      0.0114758      0.0012133      0.0114168      0.0000590
      7.0317702      0.0115628      0.0011835      0.0114977      0.0000651
      7.0620098      0.0117444      0.0010192      0.0116729      0.0000715
      7.0922499      0.0117258      0.0011898      0.0116434      0.0000824
      7.1224899      0.0118145      0.0006413      0.0117211      0.0000934
      7.1527300      0.0123251      0.0006463      0.0122250      0.0001001
      7.1829801      0.0122544      0.0010502      0.0121584      0.0000960
      7.2132201      0.0128899      0.0014162      0.0127994      0.0000905
      7.2434602      0.0130010      0.0012415      0.0129093      0.0000917
      7.2737002      0.0118310      0.0011722      0.0117358      0.0000952
      7.3039398      0.0126356      0.0010933      0.0125456      0.0000900
      7.3341899      0.0127585      0.0008004      0.0126814      0.0000771
      7.3644300      0.0124042      0.0010334      0.0123337      0.0000705
      7.3946700      0.0125398      0.0024023      0.0124694      0.0000704
      7.4249101      0.0129957      0.0015459      0.0129234      0.0000723
      7.4551501      0.0127206      0.0011908      0.0126443      0.0000763
      7.4551501      0.0128440      0.0007645      0.0127677      0.0000763
      7.4854002      0.0128875      0.0016667      0.0128030      0.0000845
      7.5156398      0.0125500      0.0010361      0.0124583      0.0000917
      7.5761199      0.0125139      0.0007300      0.0124185      0.0000954
      7.5761199      0.0121942      0.0009807      0.0120988      0.0000954
      7.6366000      0.0128294      0.0006943      0.0127124      0.0001170
      7.6366000      0.0129748      0.0011949      0.0128578      0.0001170
      7.6970901      0.0131071      0.0005830      0.0129614      0.0001457
      7.6970901      0.0131974      0.0010769      0.0130517      0.0001457
      7.7575698      0.0127532      0.0006535      0.0125900      0.0001632
      7.7575698      0.0131589      0.0006332      0.0129957      0.0001632
      7.8180499      0.0127725      0.0005415      0.0126138      0.0001587
      7.8180499      0.0135412      0.0005967      0.0133825      0.0001587
      7.8785400      0.0130359      0.0008012      0.0128949      0.0001410
      7.8785400      0.0131871      0.0008615      0.0130461      0.0001410
      7.9390202      0.0134162      0.0004753      0.0132765      0.0001397
      7.9390202      0.0136912      0.0007844      0.0135515      0.0001397
      7.9995098      0.0135491      0.0004870      0.0134028      0.0001463
      7.9995098      0.0139204      0.0009544      0.0137741      0.0001463
      8.0599899      0.0132427      0.0005509      0.0130919      0.0001508
      8.0599899      0.0133716      0.0006006      0.0132208      0.0001508
      8.1204700      0.0134793      0.0004831      0.0133128      0.0001665
      8.1204700      0.0135728      0.0009231      0.0134063      0.0001665
      8.1809597      0.0140908      0.0005139      0.0138785      0.0002123
      8.1809597      0.0134899      0.0004638      0.0132776      0.0002123
      8.2414398      0.0137558      0.0010022      0.0135127      0.0002431
      8.2414398      0.0138456      0.0005939      0.0136025      0.0002431
      8.3019199      0.0138640      0.0009370      0.0135888      0.0002752
      8.3019199      0.0139539      0.0004719      0.0136787      0.0002752
      8.3624096      0.0139019      0.0009472      0.0135006      0.0004013
      8.3624096      0.0137810      0.0006636      0.0133797      0.0004013
      8.4228897      0.0138614      0.0004838      0.0131882      0.0006732
      8.4228897      0.0135419      0.0010834      0.0128687      0.0006732
      8.4833698      0.0136150      0.0005547      0.0127996      0.0008154
      8.4833698      0.0124773      0.0016768      0.0116619      0.0008154
      8.5438604      0.0139405      0.0006102      0.0132462      0.0006943
      8.6043396      0.0140995      0.0005892      0.0135692      0.0005303
      8.6648302      0.0141455      0.0006159      0.0137245      0.0004210
      8.7253103      0.0143052      0.0016551      0.0139477      0.0003575
      8.7857904      0.0148009      0.0005565      0.0144920      0.0003089
      8.8462801      0.0147671      0.0006234      0.0144780      0.0002891
      8.9067602      0.0148040      0.0006668      0.0145279      0.0002761
      8.9672403      0.0148469      0.0013854      0.0145677      0.0002792
      9.0277300      0.0149499      0.0006791      0.0146568      0.0002931
      9.0882101      0.0149031      0.0015221      0.0146014      0.0003017
      9.1486902      0.0150910      0.0018019      0.0147872      0.0003038
      9.2091799      0.0153024      0.0007157      0.0149992      0.0003032
      9.2696600      0.0151097      0.0006286      0.0148045      0.0003052
      9.3301497      0.0148836      0.0006216      0.0145670      0.0003166
      9.3906298      0.0153569      0.0006986      0.0150156      0.0003413
      9.4511099      0.0159008      0.0008230      0.0155136      0.0003872
      9.5115995      0.0157313      0.0007316      0.0152428      0.0004885
      9.5720797      0.0156665      0.0006837      0.0151924      0.0004741
      9.6325598      0.0159383      0.0005177      0.0155017      0.0004366
      9.6930504      0.0159941      0.0005958      0.0155485      0.0004456
      9.7535295      0.0158980      0.0005916      0.0154374      0.0004606
      9.8140097      0.0159188      0.0009171      0.0154374      0.0004814
      9.8745003      0.0164375      0.0008062      0.0159200      0.0005175
      9.9349804      0.0163882      0.0006025      0.0158237      0.0005645
      9.9954700      0.0162527      0.0008305      0.0156280      0.0006247
     10.0559502      0.0163278      0.0005803      0.0156231      0.0007047
     10.1164303      0.0164568      0.0010296      0.0156481      0.0008087
     10.1769199      0.0168697      0.0014210      0.0159374      0.0009323
     10.2374001      0.0156482      0.0017561      0.0145768      0.0010714
     10.2978802      0.0168450      0.0016369      0.0156500      0.0011950
     10.3583698      0.0179502      0.0005583      0.0166682      0.0012820
     10.4188499      0.0187321      0.0009780      0.0174311      0.0013010
     10.4793301      0.0189903      0.0007276      0.0177045      0.0012858
     10.5398197      0.0174179      0.0007720      0.0161518      0.0012661
     10.6002998      0.0170955      0.0008278      0.0158455      0.0012500
     10.6607904      0.0177719      0.0014003      0.0165441      0.0012278
     10.7212696      0.0176997      0.0011430      0.0165293      0.0011704
     10.7817497      0.0176264      0.0007236      0.0165397      0.0010867
     10.8422403      0.0175646      0.0007042      0.0165740      0.0009906
     10.9027205      0.0177859      0.0007917      0.0168845      0.0009014
     10.9631996      0.0181169      0.0008375      0.0172970      0.0008199
     11.0236902      0.0181314      0.0007061      0.0173785      0.0007529
     11.0841703      0.0180299      0.0009883      0.0173257      0.0007042
     11.1446505      0.0178022      0.0006819      0.0171317      0.0006705
     11.2051401      0.0177614      0.0007057      0.0171033      0.0006581
     11.2656202      0.0179823      0.0008577      0.0173298      0.0006525
     11.3261099      0.0186735      0.0007404      0.0180238      0.0006497
     11.3865900      0.0185657      0.0011142      0.0179127      0.0006530
     11.4470701      0.0188607      0.0006136      0.0181950      0.0006657
     11.5075598      0.0188838      0.0007435      0.0181947      0.0006891
     11.5680399      0.0194001      0.0013650      0.0186805      0.0007196
     11.6285200      0.0193971      0.0008550      0.0186442      0.0007529
     11.6890097      0.0191894      0.0016875      0.0184220      0.0007674
     11.7494898      0.0195432      0.0011598      0.0187890      0.0007542
     11.8099699      0.0192069      0.0010059      0.0184981      0.0007088
     11.8704596      0.0191374      0.0015778      0.0185065      0.0006309
     11.9309397      0.0194897      0.0015006      0.0189406      0.0005491
     11.9914303      0.0195038      0.0007751      0.0190318      0.0004720
     12.0519104      0.0200329      0.0010659      0.0196236      0.0004093
     12.1123896      0.0200589      0.0016319      0.0196986      0.0003603
     12.1728802      0.0206347      0.0010628      0.0203054      0.0003293
     12.2333603      0.0211629      0.0009056      0.0208553      0.0003076
     12.2938404      0.0208668      0.0011458      0.0205814      0.0002854
     12.3543301      0.0209648      0.0011431      0.0207015      0.0002633
     12.4148102      0.0211481      0.0019849      0.0209028      0.0002453
     12.4752903      0.0214698      0.0026122      0.0212345      0.0002353
     12.5357800      0.0213929      0.0011923      0.0211638      0.0002291
     12.5962601      0.0218469      0.0010961      0.0216232      0.0002237
     12.6567497      0.0217368      0.0010771      0.0215187      0.0002181
     12.7172298      0.0217237      0.0020928      0.0215109      0.0002128
     12.7777100      0.0222274      0.0037031      0.0220195      0.0002079
     12.8381996      0.0221247      0.0007961      0.0219204      0.0002043
     12.8986797      0.0225969      0.0011531      0.0223948      0.0002021
     12.9591599      0.0231041      0.0010681      0.0229026      0.0002015
     13.0196505      0.0236388      0.0010924      0.0234355      0.0002033
     13.0801296      0.0238619      0.0010319      0.0236526      0.0002093
     13.1406097      0.0232987      0.0020596      0.0230802      0.0002185
     13.2011003      0.0240182      0.0037429      0.0238001      0.0002181
     13.2615805      0.0245647      0.0021367      0.0243564      0.0002083
     13.3220596      0.0246860      0.0022481      0.0244893      0.0001967
     13.3825502      0.0243825      0.0011063      0.0241926      0.0001899
     13.4430304      0.0247173      0.0011240      0.0245296      0.0001877
     13.5035200      0.0243063      0.0023398      0.0241189      0.0001874
     13.5640001      0.0249545      0.0012001      0.0247664      0.0001881
     13.6244802      0.0249669      0.0038478      0.0247763      0.0001906
     13.6849699      0.0257808      0.0012375      0.0255877      0.0001931
     13.7454500      0.0265952      0.0011807      0.0264002      0.0001950
     13.8059301      0.0259380      0.0013946      0.0257420      0.0001960
     13.8664198      0.0259385      0.0009855      0.0257414      0.0001971
     13.9268999      0.0268800      0.0013477      0.0266812      0.0001988
     13.9873800      0.0266313      0.0013370      0.0264289      0.0002024
     14.0693502      0.0257961      0.0012324      0.0255868      0.0002093
     14.1540298      0.0268978      0.0033444      0.0266758      0.0002220
     14.2387104      0.0265437      0.0044886      0.0262998      0.0002439
     14.3233805      0.0298468      0.0009046      0.0295763      0.0002705
     14.4080601      0.0294849      0.0011298      0.0291938      0.0002911
     14.4927397      0.0273528      0.0011983      0.0270482      0.0003046
     14.5774097      0.0274373      0.0010356      0.0271288      0.0003085
     14.6620903      0.0277066      0.0010408      0.0273922      0.0003144
     14.7467699      0.0268973      0.0019128      0.0265727      0.0003246
     14.8314505      0.0280671      0.0008919      0.0277165      0.0003506
     14.9161196      0.0284562      0.0014238      0.0280523      0.0004039
     15.0008001      0.0287200      0.0013740      0.0282403      0.0004797
     15.0854797      0.0289488      0.0009630      0.0283436      0.0006052
     15.1701498      0.0284072      0.0006757      0.0275837      0.0008235
     15.2548304      0.0292592      0.0008535      0.0280577      0.0012015
     15.3395100      0.0291834      0.0007113      0.0278661      0.0013173
     15.4241800      0.0294574      0.0006744      0.0281588      0.0012986
     15.5088596      0.0295321      0.0010383      0.0284394      0.0010927
     15.5935402      0.0297857      0.0010670      0.0288666      0.0009191
     15.6782103      0.0294320      0.0010328      0.0286508      0.0007812
     15.7628899      0.0294743      0.0009217      0.0287678      0.0007065
     15.8475704      0.0294167      0.0009087      0.0287671      0.0006496
     15.9322395      0.0301200      0.0010459      0.0295003      0.0006197
     16.0169201      0.0298160      0.0012680      0.0291990      0.0006170
     16.1016006      0.0299178      0.0012909      0.0292865      0.0006313
     16.1862793      0.0310661      0.0013127      0.0303975      0.0006686
     16.2709503      0.0300305      0.0014121      0.0293290      0.0007015
     16.3556309      0.0289985      0.0015937      0.0282734      0.0007251
     16.4403095      0.0302034      0.0008905      0.0294796      0.0007238
     16.5249805      0.0301169      0.0008966      0.0293956      0.0007213
     16.6096592      0.0301133      0.0013920      0.0293799      0.0007334
     16.6943398      0.0300429      0.0011331      0.0292731      0.0007698
     16.7790108      0.0309129      0.0013898      0.0300950      0.0008179
     16.8636894      0.0313286      0.0010740      0.0304781      0.0008505
     16.9483700      0.0305004      0.0010303      0.0296089      0.0008915
     17.0330391      0.0305960      0.0021153      0.0296482      0.0009478
     17.1177197      0.0296453      0.0014877      0.0286298      0.0010155
     17.2024002      0.0301185      0.0008900      0.0290255      0.0010930
     17.2870693      0.0311894      0.0035935      0.0299894      0.0012000
     17.3717499      0.0309062      0.0021586      0.0294935      0.0014127
     17.4564304      0.0324092      0.0020251      0.0307678      0.0016414
     17.5411091      0.0327552      0.0009985      0.0314369      0.0013183
     17.6257801      0.0310300      0.0013478      0.0300445      0.0009855
     17.7104607      0.0308742      0.0009278      0.0300931      0.0007811
     17.7951393      0.0312078      0.0009077      0.0304929      0.0007149
     17.8798103      0.0310356      0.0010886      0.0303379      0.0006977
     17.9644909      0.0316790      0.0019293      0.0309821      0.0006969
     18.0491695      0.0322205      0.0035065      0.0315237      0.0006968
     18.1338406      0.0324703      0.0011425      0.0317729      0.0006974
     18.2185192      0.0319796      0.0011973      0.0312809      0.0006987
     18.3031998      0.0324486      0.0010616      0.0317471      0.0007015
     18.3878708      0.0324624      0.0032155      0.0317553      0.0007071
     18.4725494      0.0315597      0.0011046      0.0308533      0.0007064
     18.5572300      0.0333052      0.0014524      0.0326035      0.0007017
     18.6418991      0.0333141      0.0010180      0.0326251      0.0006890
     18.7265797      0.0327334      0.0010167      0.0320536      0.0006798
     18.8112602      0.0339854      0.0014342      0.0333104      0.0006750
     18.8959408      0.0339226      0.0012399      0.0332444      0.0006782
     18.9806099      0.0335728      0.0014937      0.0328890      0.0006838
     19.0652905      0.0340303      0.0017629      0.0333391      0.0006912
     19.1499691      0.0336449      0.0018557      0.0329432      0.0007017
     19.2346401      0.0348134      0.0012284      0.0340988      0.0007146
     19.3193207      0.0355502      0.0017704      0.0348178      0.0007324
     19.4039993      0.0347031      0.0016005      0.0339589      0.0007442
     19.4886703      0.0369186      0.0019013      0.0361723      0.0007463
     19.5733509      0.0386854      0.0026915      0.0379508      0.0007346
     19.6580296      0.0373461      0.0028351      0.0366280      0.0007181
     19.7427006      0.0339933      0.0019991      0.0332924      0.0007009
     19.8273792      0.0347994      0.0019433      0.0341094      0.0006900
     19.9120598      0.0348031      0.0013103      0.0341188      0.0006843
     19.9120598      0.0368332      0.0031966      0.0361489      0.0006843
     19.9967308      0.0343474      0.0014063      0.0336649      0.0006825
     20.0814095      0.0359428      0.0014256      0.0352603      0.0006825
     20.0814095      0.0370566      0.0032560      0.0363741      0.0006825
     20.1660900      0.0371484      0.0016937      0.0364636      0.0006848
     20.2507706      0.0353308      0.0019669      0.0346432      0.0006876
     20.2507706      0.0367073      0.0016355      0.0360197      0.0006876
     20.3354397      0.0345202      0.0017388      0.0338301      0.0006901
     20.4201202      0.0373402      0.0018600      0.0366499      0.0006903
     20.4201202      0.0357685      0.0007481      0.0350782      0.0006903
     20.5048008      0.0379344      0.0023001      0.0372435      0.0006909
     20.5894699      0.0373035      0.0025320      0.0366110      0.0006925
     20.5894699      0.0360476      0.0017192      0.0353551      0.0006925
     20.7588291      0.0388115      0.0028619      0.0381081      0.0007034
     20.7588291      0.0377051      0.0011513      0.0370017      0.0007034
     20.9281807      0.0404767      0.0023868      0.0397495      0.0007272
     20.9281807      0.0375118      0.0020811      0.0367846      0.0007272
     21.0975304      0.0406794      0.0026235      0.0398549      0.0008245
     21.0975304      0.0417777      0.0011045      0.0409532      0.0008245
     21.2668896      0.0431982      0.0015379      0.0422787      0.0009195
     21.2668896      0.0450651      0.0015479      0.0441456      0.0009195
     21.4362392      0.0408012      0.0015187      0.0399785      0.0008227
     21.4362392      0.0420200      0.0018281      0.0411973      0.0008227
     21.6056004      0.0401230      0.0012430      0.0393148      0.0008082
     21.7749500      0.0403410      0.0021410      0.0395154      0.0008256
     21.9442997      0.0401615      0.0014997      0.0393236      0.0008379
     22.1136608      0.0403774      0.0017289      0.0394847      0.0008927
     22.2830105      0.0409392      0.0015103      0.0399000      0.0010392
     22.4523602      0.0421385      0.0016292      0.0409837      0.0011548
     22.6217194      0.0436585      0.0030274      0.0425292      0.0011293
     22.7910709      0.0435894      0.0025094      0.0424640      0.0011254
     22.9604301      0.0436782      0.0032216      0.0425099      0.0011683
     23.1297798      0.0443197      0.0011008      0.0430235      0.0012962
     23.2991295      0.0439974      0.0012448      0.0426437      0.0013537
     23.4684906      0.0441510      0.0010882      0.0428979      0.0012531
     23.6378403      0.0454071      0.0013467      0.0441585      0.0012486
     23.8071899      0.0448845      0.0017024      0.0436776      0.0012069
     23.9765491      0.0438269      0.0016532      0.0426961      0.0011308
     24.1459007      0.0443953      0.0011600      0.0432891      0.0011062
     24.3152599      0.0456576      0.0010709      0.0445502      0.0011074
     24.4846096      0.0463393      0.0010723      0.0452462      0.0010931
     24.6539593      0.0467511      0.0009751      0.0456841      0.0010670
     24.8233204      0.0482736      0.0010405      0.0472115      0.0010621
     24.9926701      0.0481642      0.0018403      0.0470914      0.0010728
     25.1620197      0.0475116      0.0014585      0.0464130      0.0010986
     25.3313808      0.0466837      0.0018673      0.0454742      0.0012095
     25.5007305      0.0480908      0.0019097      0.0466221      0.0014687
     25.6700897      0.0491012      0.0024137      0.0477286      0.0013726
     25.8394394      0.0478781      0.0017696      0.0466631      0.0012150
     26.0087891      0.0493856      0.0021691      0.0481680      0.0012176
     26.1781502      0.0491004      0.0011420      0.0478728      0.0012276
     26.3474998      0.0484053      0.0015368      0.0471605      0.0012448
     26.5168495      0.0486878      0.0023130      0.0474135      0.0012743
     26.6862106      0.0491831      0.0015527      0.0478754      0.0013077
     26.8555603      0.0495658      0.0012675      0.0482290      0.0013368
     27.0249195      0.0498165      0.0011780      0.0484518      0.0013647
     27.1942692      0.0496975      0.0063852      0.0483081      0.0013894
     27.3636208      0.0502918      0.0018559      0.0488756      0.0014162
     27.5329800      0.0508686      0.0011222      0.0494190      0.0014496
     27.7023296      0.0508222      0.0014771      0.0493378      0.0014844
     27.8716793      0.0508109      0.0015520      0.0492985      0.0015124
     28.0410404      0.0510748      0.0029166      0.0495366      0.0015382
     28.2103901      0.0509993      0.0012349      0.0494332      0.0015661
     28.3797493      0.0514406      0.0039803      0.0498409      0.0015997
     28.5491009      0.0524932      0.0011894      0.0508554      0.0016378
     28.7184505      0.0518882      0.0016176      0.0502158      0.0016724
     28.8878098      0.0520954      0.0014173      0.0503957      0.0016997
     29.0571594      0.0519633      0.0023942      0.0502374      0.0017259
     29.2265091      0.0522637      0.0013605      0.0505054      0.0017583
     29.3958702      0.0524747      0.0018958      0.0506830      0.0017917
     29.5652199      0.0527656      0.0015207      0.0509384      0.0018272
     29.7345791      0.0528521      0.0014961      0.0509874      0.0018647
     29.9039307      0.0544531      0.0014665      0.0525492      0.0019039
     30.0732803      0.0547776      0.0014630      0.0528581      0.0019195
     30.2426395      0.0534503      0.0018233      0.0514839      0.0019664
     30.4119892      0.0537520      0.0051120      0.0516963      0.0020557
     30.5813408      0.0538516      0.0036566      0.0517488      0.0021028
     30.7507000      0.0538963      0.0015815      0.0518037      0.0020926
     30.9200497      0.0543180      0.0019383      0.0522232      0.0020948
     31.0894108      0.0543005      0.0024842      0.0521768      0.0021237
     31.2587605      0.0546713      0.0024425      0.0524675      0.0022038
     31.4281101      0.0539477      0.0020624      0.0516736      0.0022741
     31.5974693      0.0545891      0.0063457      0.0522616      0.0023275
     31.7668209      0.0545780      0.0016308      0.0522180      0.0023600
     31.9361706      0.0558923      0.0023789      0.0535267      0.0023656
     32.1055298      0.0542926      0.0023665      0.0519078      0.0023848
     32.2748795      0.0541654      0.0023892      0.0517308      0.0024346
     32.4442406      0.0587114      0.0025844      0.0562100      0.0025014
     32.6135902      0.0594305      0.0025802      0.0568579      0.0025725
     32.7829399      0.0560292      0.0028240      0.0534191      0.0026101
     32.9523010      0.0567057      0.0070223      0.0540865      0.0026192
     33.1216507      0.0600568      0.0053154      0.0574267      0.0026301
     33.2910004      0.0578160      0.0054666      0.0551559      0.0026601
     33.4603615      0.0584777      0.0025193      0.0557413      0.0027364
     33.6297112      0.0546858      0.0032634      0.0518857      0.0028001
     33.7990685      0.0568284      0.0052295      0.0539638      0.0028646
     33.9684181      0.0597170      0.0037022      0.0568065      0.0029105
     34.1377716      0.0532150      0.0030834      0.0502832      0.0029318
     34.3071289      0.0544683      0.0049792      0.0515121      0.0029562
     34.4764786      0.0538022      0.0029159      0.0508072      0.0029950
     34.6458282      0.0542938      0.0047196      0.0512410      0.0030528
     34.8151894      0.0544411      0.0048865      0.0513230      0.0031181
     34.9845390      0.0592293      0.0036108      0.0560234      0.0032059
     35.1539001      0.0814226      0.0062038      0.0781159      0.0033067
     35.3232498      0.0935591      0.0049120      0.0901819      0.0033772
     35.4925995      0.0618530      0.0056888      0.0584702      0.0033828
     35.6619606      0.0581172      0.0050809      0.0547420      0.0033752
     35.8313103      0.0521114      0.0073191      0.0487083      0.0034031
     36.0006599      0.0574182      0.0219602      0.0539565      0.0034617
     36.1700211      0.0560913      0.0065534      0.0525603      0.0035310
     36.3393707      0.0566714      0.0081120      0.0530733      0.0035981
     36.5087318      0.0600649      0.0105073      0.0563869      0.0036780
     36.6780815      0.0544728      0.0061354      0.0507310      0.0037418
     36.8474312      0.0504499      0.0061213      0.0466634      0.0037865
     37.0167885      0.0558509      0.0086913      0.0520300      0.0038209
     37.1861382      0.0615869      0.0113782      0.0577359      0.0038510
     37.3554916      0.0513848      0.0072098      0.0474877      0.0038971
