FORPRINT: Wed Jul 20 17:11:04 2022
      5.1869998      0.0031672      0.0009087      0.0031219      0.0000453
      5.2172499      0.0024021      0.0006547      0.0023545      0.0000476
      5.2474899      0.0020889      0.0007615      0.0020469      0.0000420
      5.2777300      0.0025393      0.0009370      0.0025000      0.0000393
      5.3079700      0.0019236      0.0007517      0.0018842      0.0000394
      5.3382101      0.0024394      0.0008950      0.0024021      0.0000373
      5.3684602      0.0024335      0.0005278      0.0023967      0.0000368
      5.3987002      0.0030926      0.0009696      0.0030568      0.0000358
      5.4289398      0.0032840      0.0007990      0.0032457      0.0000383
      5.4591799      0.0026052      0.0004359      0.0025623      0.0000429
      5.4894199      0.0019362      0.0005882      0.0018927      0.0000435
      5.5196700      0.0028748      0.0005347      0.0028306      0.0000442
      5.5499101      0.0029360      0.0007548      0.0028942      0.0000418
      5.5801501      0.0031780      0.0006581      0.0031363      0.0000417
      5.6103902      0.0027518      0.0007020      0.0027112      0.0000406
      5.6406298      0.0026867      0.0007735      0.0026458      0.0000409
      5.6708798      0.0027326      0.0004715      0.0026916      0.0000410
      5.7011199      0.0028825      0.0005434      0.0028425      0.0000400
      5.7313600      0.0031753      0.0005377      0.0031341      0.0000412
      5.7616000      0.0031476      0.0005648      0.0031048      0.0000428
      5.7918401      0.0028958      0.0004105      0.0028504      0.0000454
      5.8220901      0.0026918      0.0006292      0.0026438      0.0000480
      5.8523302      0.0028533      0.0003839      0.0028026      0.0000507
      5.8825698      0.0029554      0.0003735      0.0029020      0.0000534
      5.9128098      0.0030833      0.0003501      0.0030271      0.0000562
      5.9430499      0.0025617      0.0007140      0.0025021      0.0000596
      5.9733000      0.0030718      0.0022437      0.0030095      0.0000623
      6.0035400      0.0027881      0.0007225      0.0027239      0.0000642
      6.0337801      0.0030787      0.0008268      0.0030103      0.0000684
      6.0640202      0.0034689      0.0008948      0.0033920      0.0000769
      6.0942602      0.0027572      0.0004981      0.0026698      0.0000874
      6.1245098      0.0029351      0.0004624      0.0028322      0.0001029
      6.1547499      0.0033902      0.0006979      0.0032762      0.0001140
      6.1849899      0.0031046      0.0026006      0.0029948      0.0001098
      6.2152300      0.0027053      0.0006612      0.0026023      0.0001030
      6.2454700      0.0024784      0.0008551      0.0023719      0.0001065
      6.2757201      0.0034917      0.0005337      0.0033836      0.0001081
      6.3059602      0.0035271      0.0004650      0.0034328      0.0000943
      6.3362002      0.0030596      0.0020783      0.0029779      0.0000817
      6.3664398      0.0029596      0.0004746      0.0028792      0.0000804
      6.3966799      0.0030290      0.0004557      0.0029460      0.0000830
      6.4269300      0.0026832      0.0006298      0.0025936      0.0000896
      6.4571700      0.0034722      0.0005841      0.0033712      0.0001010
      6.4874101      0.0036297      0.0005616      0.0035228      0.0001069
      6.5176501      0.0031883      0.0006791      0.0030800      0.0001083
      6.5478902      0.0029636      0.0009297      0.0028478      0.0001158
      6.5781398      0.0034629      0.0006284      0.0033275      0.0001354
      6.6083798      0.0030616      0.0005556      0.0029044      0.0001572
      6.6386199      0.0033863      0.0004224      0.0032133      0.0001730
      6.6688600      0.0032097      0.0017119      0.0030246      0.0001851
      6.6991000      0.0030867      0.0004760      0.0029006      0.0001861
      6.7293501      0.0032932      0.0004731      0.0031111      0.0001821
      6.7595901      0.0031201      0.0004947      0.0029489      0.0001712
      6.7898302      0.0034594      0.0009016      0.0032997      0.0001597
      6.8200698      0.0032068      0.0006364      0.0030500      0.0001568
      6.8503098      0.0033955      0.0006588      0.0032342      0.0001613
      6.8805599      0.0032971      0.0005654      0.0031314      0.0001657
      6.9108000      0.0031434      0.0005919      0.0029723      0.0001711
      6.9410400      0.0017102      0.0006581      0.0015378      0.0001724
      6.9712801      0.0030256      0.0008514      0.0028490      0.0001766
      7.0015202      0.0030943      0.0019818      0.0028964      0.0001979
      7.0317702      0.0030455      0.0015571      0.0028160      0.0002295
      7.0620098      0.0030516      0.0006965      0.0027929      0.0002587
      7.0922499      0.0040595      0.0005692      0.0037836      0.0002759
      7.1224899      0.0039604      0.0005703      0.0036707      0.0002897
      7.1527300      0.0031432      0.0015265      0.0028232      0.0003200
      7.1829801      0.0030479      0.0006554      0.0026619      0.0003860
      7.2132201      0.0032009      0.0005660      0.0026792      0.0005217
      7.2434602      0.0030093      0.0004826      0.0023002      0.0007091
      7.2737002      0.0034287      0.0004603      0.0025553      0.0008734
      7.3039398      0.0031005      0.0008591      0.0021671      0.0009334
      7.3341899      0.0029949      0.0020975      0.0021158      0.0008791
      7.3644300      0.0031961      0.0006476      0.0024312      0.0007649
      7.3946700      0.0044789      0.0006721      0.0038266      0.0006523
      7.4249101      0.0033078      0.0009912      0.0027435      0.0005643
      7.4551501      0.0034022      0.0008615      0.0029090      0.0004932
      7.4854002      0.0039839      0.0007502      0.0035407      0.0004432
      7.5156398      0.0038406      0.0016324      0.0034343      0.0004063
      7.5458798      0.0024815      0.0006676      0.0021079      0.0003736
      7.5761199      0.0042858      0.0020045      0.0039407      0.0003451
      7.6366000      0.0046608      0.0009798      0.0043372      0.0003236
      7.6970901      0.0044697      0.0009957      0.0041544      0.0003153
      7.7575698      0.0042228      0.0008141      0.0038929      0.0003299
      7.8180499      0.0037489      0.0019798      0.0034050      0.0003439
      7.8785400      0.0033105      0.0005078      0.0029632      0.0003473
      7.9390202      0.0034807      0.0006265      0.0031343      0.0003464
      7.9995098      0.0034756      0.0006332      0.0031240      0.0003516
      8.0599899      0.0034952      0.0005095      0.0031229      0.0003723
      8.1204700      0.0034743      0.0006455      0.0030532      0.0004211
      8.1809597      0.0039554      0.0010652      0.0034220      0.0005334
      8.2414398      0.0040008      0.0005027      0.0034578      0.0005430
      8.3019199      0.0036536      0.0004481      0.0031553      0.0004983
      8.3624096      0.0036094      0.0003962      0.0030950      0.0005144
      8.4228897      0.0037091      0.0004132      0.0031740      0.0005351
      8.4833698      0.0037515      0.0005065      0.0031788      0.0005727
      8.5438604      0.0041877      0.0002455      0.0035547      0.0006330
      8.6043396      0.0036788      0.0004792      0.0029690      0.0007098
      8.6648302      0.0041383      0.0009629      0.0033213      0.0008170
      8.7253103      0.0041098      0.0008953      0.0031496      0.0009602
      8.7857904      0.0041717      0.0003283      0.0030376      0.0011341
      8.8462801      0.0041776      0.0003578      0.0028676      0.0013100
      8.9067602      0.0041021      0.0004008      0.0026500      0.0014521
      8.9672403      0.0042841      0.0004202      0.0027966      0.0014875
      9.0277300      0.0042303      0.0004477      0.0027627      0.0014676
      9.0882101      0.0040231      0.0003434      0.0025797      0.0014434
      9.1486902      0.0041872      0.0002904      0.0027667      0.0014205
      9.2091799      0.0044375      0.0003318      0.0030668      0.0013707
      9.2696600      0.0042689      0.0003183      0.0029977      0.0012712
      9.3301497      0.0039873      0.0002819      0.0028420      0.0011453
      9.3906298      0.0041470      0.0003533      0.0031205      0.0010265
      9.4511099      0.0043029      0.0003305      0.0033833      0.0009196
      9.5115995      0.0040408      0.0003100      0.0032035      0.0008373
      9.5720797      0.0043934      0.0006922      0.0036106      0.0007828
      9.6325598      0.0042970      0.0005291      0.0035419      0.0007551
      9.6930504      0.0044163      0.0004082      0.0036696      0.0007467
      9.7535295      0.0042586      0.0037536      0.0035159      0.0007427
      9.8140097      0.0050428      0.0012252      0.0042944      0.0007484
      9.8745003      0.0044442      0.0012298      0.0036756      0.0007686
      9.9349804      0.0045002      0.0004933      0.0036959      0.0008043
      9.9954700      0.0044448      0.0002949      0.0035977      0.0008471
     10.0559502      0.0045426      0.0003964      0.0036662      0.0008764
     10.1164303      0.0046083      0.0004218      0.0037456      0.0008627
     10.1769199      0.0046042      0.0004200      0.0038053      0.0007989
     10.2374001      0.0044766      0.0003121      0.0037834      0.0006932
     10.2978802      0.0044383      0.0005051      0.0038530      0.0005853
     10.3583698      0.0048058      0.0003180      0.0043132      0.0004926
     10.4188499      0.0049544      0.0003463      0.0045324      0.0004220
     10.4793301      0.0054221      0.0004558      0.0050442      0.0003779
     10.5398197      0.0051678      0.0004407      0.0048188      0.0003490
     10.6002998      0.0052011      0.0003377      0.0048818      0.0003193
     10.6607904      0.0053394      0.0002689      0.0050481      0.0002913
     10.7212696      0.0052520      0.0008342      0.0049791      0.0002729
     10.7817497      0.0049068      0.0005555      0.0046433      0.0002635
     10.8422403      0.0048926      0.0004332      0.0046364      0.0002562
     10.9027205      0.0054468      0.0004176      0.0051979      0.0002489
     10.9631996      0.0053513      0.0002447      0.0051095      0.0002418
     11.0236902      0.0057284      0.0005121      0.0054926      0.0002358
     11.0841703      0.0057078      0.0003715      0.0054758      0.0002320
     11.1446505      0.0062390      0.0003965      0.0060087      0.0002303
     11.2051401      0.0065735      0.0005815      0.0063417      0.0002318
     11.2656202      0.0062998      0.0003950      0.0060599      0.0002399
     11.3261099      0.0068999      0.0004295      0.0066495      0.0002504
     11.3865900      0.0068440      0.0003648      0.0065966      0.0002474
     11.4470701      0.0065126      0.0004556      0.0062825      0.0002301
     11.5075598      0.0069715      0.0004654      0.0067525      0.0002190
     11.5680399      0.0070536      0.0012690      0.0068389      0.0002147
     11.6285200      0.0070605      0.0004778      0.0068463      0.0002142
     11.6890097      0.0074654      0.0004483      0.0072498      0.0002156
     11.7494898      0.0078349      0.0004536      0.0076160      0.0002189
     11.8099699      0.0078222      0.0003982      0.0076001      0.0002221
     11.8704596      0.0079341      0.0011005      0.0077105      0.0002236
     11.9309397      0.0079326      0.0005154      0.0077076      0.0002250
     11.9914303      0.0080986      0.0004871      0.0078715      0.0002271
     12.0519104      0.0081883      0.0004420      0.0079564      0.0002319
     12.1123896      0.0082603      0.0003637      0.0080216      0.0002387
     12.1728802      0.0086288      0.0002965      0.0083781      0.0002507
     12.2333603      0.0089770      0.0003367      0.0087101      0.0002669
     12.2938404      0.0085145      0.0004697      0.0082218      0.0002927
     12.3543301      0.0086603      0.0005138      0.0083441      0.0003162
     12.4148102      0.0088193      0.0004833      0.0084840      0.0003353
     12.4752903      0.0088062      0.0004992      0.0084582      0.0003480
     12.5357800      0.0088857      0.0002952      0.0085341      0.0003516
     12.5962601      0.0087503      0.0003470      0.0083939      0.0003564
     12.6567497      0.0089276      0.0004492      0.0085650      0.0003626
     12.7172298      0.0090745      0.0004121      0.0086959      0.0003786
     12.7777100      0.0094502      0.0004973      0.0090469      0.0004033
     12.8381996      0.0094990      0.0004364      0.0090446      0.0004544
     12.8986797      0.0094042      0.0015137      0.0088793      0.0005249
     12.9591599      0.0091589      0.0004746      0.0085305      0.0006284
     13.0196505      0.0093572      0.0007176      0.0086012      0.0007560
     13.0801296      0.0093685      0.0010247      0.0083263      0.0010422
     13.1406097      0.0099697      0.0004430      0.0085770      0.0013927
     13.2011003      0.0096627      0.0004818      0.0081589      0.0015038
     13.2615805      0.0098531      0.0005324      0.0083430      0.0015101
     13.3220596      0.0093935      0.0015166      0.0080349      0.0013586
     13.3825502      0.0093659      0.0006844      0.0082051      0.0011608
     13.4430304      0.0095916      0.0004257      0.0085737      0.0010179
     13.5035200      0.0095662      0.0006130      0.0086772      0.0008890
     13.5640001      0.0090196      0.0007820      0.0082016      0.0008180
     13.6244802      0.0090995      0.0006530      0.0083455      0.0007540
     13.6849699      0.0086885      0.0004667      0.0079639      0.0007246
     13.7454500      0.0094814      0.0005050      0.0087803      0.0007011
     13.8059301      0.0099026      0.0006474      0.0091952      0.0007074
     13.8664198      0.0097175      0.0006273      0.0089954      0.0007221
     13.9268999      0.0092114      0.0005630      0.0084542      0.0007572
     13.9873800      0.0097494      0.0005910      0.0089572      0.0007922
     14.0478697      0.0089013      0.0017744      0.0080849      0.0008164
     14.1083498      0.0088687      0.0007055      0.0080353      0.0008334
     14.1688404      0.0088167      0.0007325      0.0079908      0.0008259
     14.2293196      0.0090983      0.0004128      0.0082738      0.0008245
     14.2387104      0.0094436      0.0006948      0.0086178      0.0008258
     14.2897997      0.0085348      0.0005608      0.0076991      0.0008357
     14.3233805      0.0101088      0.0007631      0.0092647      0.0008441
     14.3502903      0.0083863      0.0004309      0.0075265      0.0008598
     14.4080601      0.0099909      0.0006652      0.0090853      0.0009056
     14.4107704      0.0077791      0.0006786      0.0068713      0.0009078
     14.4927397      0.0095577      0.0015041      0.0085993      0.0009584
     14.5774097      0.0098128      0.0007551      0.0088088      0.0010040
     14.6620903      0.0101561      0.0008372      0.0090774      0.0010787
     14.7467699      0.0097419      0.0011236      0.0085739      0.0011680
     14.8314505      0.0091507      0.0013721      0.0078708      0.0012799
     14.9161196      0.0093326      0.0006370      0.0078915      0.0014411
     15.0008001      0.0108687      0.0006325      0.0090644      0.0018043
     15.0854797      0.0115792      0.0007116      0.0099478      0.0016314
     15.1701498      0.0101551      0.0008440      0.0090017      0.0011534
     15.2548304      0.0091128      0.0006467      0.0082309      0.0008819
     15.3395100      0.0097454      0.0022132      0.0089331      0.0008123
     15.4241800      0.0093518      0.0006585      0.0085545      0.0007973
     15.5088596      0.0093843      0.0004303      0.0085880      0.0007963
     15.5935402      0.0096897      0.0014031      0.0088927      0.0007970
     15.6782103      0.0097323      0.0018233      0.0089338      0.0007985
     15.7628899      0.0094516      0.0004256      0.0086495      0.0008021
     15.8475704      0.0098633      0.0005952      0.0090541      0.0008092
     15.9322395      0.0091754      0.0006231      0.0083694      0.0008060
     16.0169201      0.0094697      0.0006374      0.0086748      0.0007949
     16.1016006      0.0094510      0.0009451      0.0086714      0.0007796
     16.1862793      0.0093901      0.0008933      0.0086178      0.0007723
     16.2709503      0.0103841      0.0003369      0.0096088      0.0007753
     16.3556309      0.0097675      0.0007048      0.0089845      0.0007830
     16.4403095      0.0102867      0.0006398      0.0094933      0.0007934
     16.5249805      0.0101672      0.0016334      0.0093584      0.0008088
     16.6096592      0.0097005      0.0004700      0.0088709      0.0008296
     16.6943398      0.0104339      0.0004384      0.0095838      0.0008501
     16.7790108      0.0106006      0.0005281      0.0097474      0.0008532
     16.8636894      0.0108067      0.0005490      0.0099692      0.0008375
     16.9483700      0.0107633      0.0007523      0.0099479      0.0008154
     17.0330391      0.0108759      0.0005697      0.0100827      0.0007932
     17.1177197      0.0110854      0.0005181      0.0103007      0.0007847
     17.2024002      0.0105694      0.0005709      0.0097888      0.0007806
     17.2870693      0.0111791      0.0008408      0.0103991      0.0007800
     17.3717499      0.0117087      0.0027634      0.0109256      0.0007831
     17.4564304      0.0112127      0.0012535      0.0104258      0.0007869
     17.5411091      0.0118019      0.0009163      0.0110129      0.0007890
     17.6257801      0.0120140      0.0006254      0.0112246      0.0007894
     17.7104607      0.0118933      0.0010157      0.0111025      0.0007908
     17.7951393      0.0118260      0.0026706      0.0110297      0.0007963
     17.8798103      0.0113137      0.0007336      0.0105092      0.0008045
     17.9644909      0.0122560      0.0009193      0.0114411      0.0008149
     18.0491695      0.0121168      0.0007879      0.0112769      0.0008399
     18.1338406      0.0120126      0.0006271      0.0111084      0.0009042
     18.2185192      0.0128620      0.0030340      0.0118667      0.0009953
     18.3031998      0.0156326      0.0007175      0.0145818      0.0010508
     18.3878708      0.0126725      0.0005937      0.0116733      0.0009992
     18.4725494      0.0135417      0.0005484      0.0126065      0.0009352
     18.5572300      0.0131484      0.0008495      0.0122298      0.0009186
     18.6418991      0.0121702      0.0008920      0.0112406      0.0009296
     18.7265797      0.0117605      0.0007695      0.0108196      0.0009409
     18.8112602      0.0127999      0.0008669      0.0118496      0.0009503
     18.8959408      0.0125632      0.0008352      0.0116055      0.0009577
     18.9806099      0.0129323      0.0005802      0.0119458      0.0009865
     19.0652905      0.0129985      0.0013180      0.0119545      0.0010440
     19.1499691      0.0129790      0.0007552      0.0118427      0.0011363
     19.2346401      0.0134239      0.0009052      0.0121707      0.0012532
     19.3193207      0.0128858      0.0021306      0.0115713      0.0013145
     19.4039993      0.0125665      0.0009386      0.0112403      0.0013262
     19.4886703      0.0126013      0.0026153      0.0113129      0.0012884
     19.5733509      0.0134800      0.0007979      0.0121981      0.0012819
     19.6580296      0.0138701      0.0005875      0.0125768      0.0012933
     19.7427006      0.0136399      0.0031101      0.0123221      0.0013178
     19.8273792      0.0147875      0.0013138      0.0134178      0.0013697
     19.9120598      0.0152471      0.0006437      0.0137732      0.0014739
     19.9967308      0.0148409      0.0012756      0.0132881      0.0015528
     20.0814095      0.0152727      0.0005756      0.0137348      0.0015379
     20.1660900      0.0148249      0.0009848      0.0133577      0.0014672
     20.2507706      0.0140105      0.0020371      0.0125796      0.0014309
     20.3354397      0.0141596      0.0006973      0.0127311      0.0014285
     20.4201202      0.0131742      0.0012628      0.0117515      0.0014227
     20.5048008      0.0133209      0.0014297      0.0119439      0.0013770
     20.5894699      0.0141057      0.0018142      0.0127811      0.0013246
     20.6741505      0.0133123      0.0014301      0.0120340      0.0012783
     20.7588291      0.0149527      0.0009090      0.0136859      0.0012668
     20.8435001      0.0129164      0.0015277      0.0116518      0.0012646
     20.9281807      0.0142508      0.0009108      0.0129846      0.0012662
     21.0975304      0.0141180      0.0006892      0.0128716      0.0012464
     21.2668896      0.0141153      0.0009228      0.0129001      0.0012152
     21.4362392      0.0141539      0.0008762      0.0129357      0.0012182
     21.6056004      0.0143839      0.0006488      0.0131464      0.0012375
     21.7749500      0.0143033      0.0006731      0.0129689      0.0013344
     21.9442997      0.0144356      0.0009244      0.0127667      0.0016689
     22.1136608      0.0141560      0.0030080      0.0126034      0.0015526
     22.2830105      0.0138018      0.0010905      0.0124136      0.0013882
     22.4523602      0.0135147      0.0008488      0.0121192      0.0013955
     22.6217194      0.0136139      0.0005650      0.0122010      0.0014129
     22.7910709      0.0142183      0.0008536      0.0127735      0.0014448
     22.9604301      0.0132842      0.0008119      0.0117937      0.0014905
     23.1297798      0.0135780      0.0022207      0.0120489      0.0015291
     23.2991295      0.0135666      0.0007961      0.0120013      0.0015653
     23.4684906      0.0138421      0.0004841      0.0122431      0.0015990
     23.6378403      0.0135609      0.0008955      0.0119241      0.0016368
     23.8071899      0.0128393      0.0005419      0.0111550      0.0016843
     23.9765491      0.0132620      0.0004219      0.0115382      0.0017238
     24.1459007      0.0128654      0.0008866      0.0111071      0.0017583
     24.3152599      0.0125911      0.0008623      0.0107951      0.0017960
     24.4846096      0.0137363      0.0005539      0.0118937      0.0018426
     24.6539593      0.0136545      0.0003496      0.0117630      0.0018915
     24.8233204      0.0143904      0.0007839      0.0124572      0.0019332
     24.9926701      0.0135412      0.0014269      0.0115744      0.0019668
     25.1620197      0.0135233      0.0005204      0.0115147      0.0020086
     25.3313808      0.0135679      0.0003750      0.0115149      0.0020530
     25.5007305      0.0127616      0.0003798      0.0106607      0.0021009
     25.6700897      0.0132308      0.0013012      0.0110791      0.0021517
     25.8394394      0.0125916      0.0032746      0.0103904      0.0022012
     26.0087891      0.0119714      0.0004805      0.0097487      0.0022227
     26.1781502      0.0126164      0.0008574      0.0102731      0.0023433
     26.3474998      0.0123211      0.0023699      0.0099189      0.0024022
     26.5168495      0.0118088      0.0014534      0.0094169      0.0023919
     26.6862106      0.0128068      0.0004650      0.0104043      0.0024025
     26.8555603      0.0121878      0.0022664      0.0097095      0.0024783
     27.0249195      0.0118134      0.0008311      0.0092316      0.0025818
     27.1942692      0.0123440      0.0005897      0.0096895      0.0026545
     27.3636208      0.0122810      0.0004522      0.0095816      0.0026994
     27.5329800      0.0114664      0.0004056      0.0087598      0.0027066
     27.7023296      0.0114855      0.0005670      0.0087406      0.0027449
     27.8716793      0.0131641      0.0005085      0.0103411      0.0028230
     28.0410404      0.0117546      0.0008800      0.0088367      0.0029179
     28.2103901      0.0115967      0.0024589      0.0086152      0.0029815
     28.3797493      0.0112372      0.0007566      0.0082429      0.0029943
     28.5491009      0.0115743      0.0023572      0.0085632      0.0030111
     28.7184505      0.0117513      0.0007289      0.0086779      0.0030734
     28.8878098      0.0118943      0.0007399      0.0087299      0.0031644
     29.0571594      0.0116692      0.0027056      0.0084181      0.0032511
     29.2265091      0.0102755      0.0010021      0.0069555      0.0033200
     29.3958702      0.0117205      0.0008594      0.0083691      0.0033514
     29.5652199      0.0121349      0.0009604      0.0087499      0.0033851
     29.7345791      0.0115642      0.0006775      0.0081222      0.0034420
     29.9039307      0.0101856      0.0006822      0.0066621      0.0035235
     30.0732803      0.0102499      0.0006613      0.0066249      0.0036250
     30.2426395      0.0126851      0.0009002      0.0089279      0.0037572
     30.4119892      0.0135521      0.0005714      0.0096938      0.0038583
     30.5813408      0.0120265      0.0010552      0.0081613      0.0038652
     30.7507000      0.0099736      0.0010669      0.0061095      0.0038641
     30.9200497      0.0114255      0.0010641      0.0075085      0.0039170
     31.0894108      0.0108967      0.0021902      0.0068909      0.0040058
     31.2587605      0.0115827      0.0007081      0.0074884      0.0040943
     31.4281101      0.0097235      0.0006152      0.0055252      0.0041983
     31.5974693      0.0108449      0.0006614      0.0065625      0.0042824
     31.7668209      0.0090146      0.0011278      0.0046755      0.0043391
     31.9361706      0.0117335      0.0012095      0.0073515      0.0043820
     32.1055298      0.0118300      0.0015451      0.0074011      0.0044289
     32.2748795      0.0114709      0.0012706      0.0069547      0.0045162
     32.4442406      0.0118199      0.0006578      0.0071764      0.0046435
     32.6135902      0.0131025      0.0006668      0.0083317      0.0047708
     32.7829399      0.0133319      0.0013067      0.0084624      0.0048695
     32.9523010      0.0127329      0.0010362      0.0077851      0.0049478
     33.1216507      0.0119781      0.0041408      0.0069550      0.0050231
     33.2910004      0.0123544      0.0020100      0.0073126      0.0050418
     33.4603615      0.0117728      0.0013102      0.0067192      0.0050536
     33.6297112      0.0120264      0.0018848      0.0068981      0.0051283
     33.7990685      0.0093167      0.0014228      0.0040883      0.0052284
     33.9684181      0.0110597      0.0017432      0.0056953      0.0053644
     34.1377716      0.0119088      0.0076798      0.0064712      0.0054376
     34.3071289      0.0112479      0.0017966      0.0057639      0.0054840
     34.4764786      0.0123975      0.0023240      0.0067694      0.0056281
     34.6458282      0.0154361      0.0013865      0.0097110      0.0057251
     34.8151894      0.0112152      0.0008693      0.0054235      0.0057917
     34.9845390      0.0088905      0.0018353      0.0030563      0.0058342
     35.1539001      0.0124221      0.0008728      0.0065107      0.0059114
     35.3232498      0.0118171      0.0012777      0.0057471      0.0060700
     35.4925995      0.0124875      0.0021404      0.0063331      0.0061544
     35.6619606      0.0131376      0.0025022      0.0068910      0.0062466
     35.8313103      0.0071685      0.0032895      0.0008451      0.0063234
     36.0006599      0.0094590      0.0164170      0.0030370      0.0064220
     36.1700211      0.0093230      0.0019347      0.0027603      0.0065627
     36.3393707      0.0119430      0.0008645      0.0053556      0.0065874
     36.5087318      0.0118306      0.0107767      0.0052274      0.0066032
     36.6780815      0.0043814      0.0048543     -0.0023176      0.0066990
     36.8474312      0.0090089      0.0050115      0.0020986      0.0069103
     37.0167885      0.0174726      0.0044247      0.0104015      0.0070711
     37.1861382      0.0120391      0.0049571      0.0049266      0.0071125
     37.3554916      0.0056922      0.0017578     -0.0015307      0.0072229
     37.5248489      0.0027382           -NaN     -0.0046725      0.0074107
