# after normalization w/ W3 magnitude
      5.0949998       0.0042679130354871       0.0053751361389690
      5.1220002       0.0041933132522676       0.0046310980507794
      5.1529999       0.0041933132522676       0.0038095151077700
      5.1830001       0.0042679130354871       0.0017275821792399
      5.2129998       0.0043268083003015       0.0010473466620667
      5.2440000       0.0044603033483355       0.0009678386831464
      5.2740002       0.0044455794135320       0.0010159360834587
      5.3039999       0.0044603033483355       0.0009383912879389
      5.3350000       0.0045054557363474       0.0008618279062195
      5.3649998       0.0045947799287697       0.0008765516038233
      5.3950000       0.0043866841487175       0.0008922569524272
      5.4250002       0.0042679130354871       0.0008500489837164
      5.4559999       0.0042531900494824       0.0007715225371964
      5.4860001       0.0042973604306946       0.0007460014494899
      5.5130000       0.0043425132931059       0.0007234250775842
      5.5430002       0.0043719611627129       0.0007175355273827
      5.5739999       0.0044014085579204       0.0007283329767854
      5.6040001       0.0046095033891737       0.0007440382660894
      5.6339998       0.0047429984372077       0.0007106645040809
      5.6650000       0.0048617700248375       0.0006841618246742
      5.6950002       0.0049353882756566       0.0006645302278692
      5.7249999       0.0050099885332755       0.0006871064811750
      5.7550001       0.0050541593888871       0.0006802355171732
      5.7859998       0.0050983307188981       0.0007028118297790
      5.8160000       0.0052171023065280       0.0007204803024835
      5.8460002       0.0053211494849549       0.0007214618941837
      5.8769999       0.0053505968801625       0.0007646514545947
      5.9039998       0.0052769786293433       0.0007823199272992
      5.9340000       0.0052769786293433       0.0007970436249029
      5.9640002       0.0053064260245509       0.0007921356664017
      5.9949999       0.0053211494849549       0.0008009698731040
      6.0250001       0.0052622546945399       0.0008206015292090
      6.0549998       0.0051287596465059       0.0008363068185130
      6.0860000       0.0050541593888871       0.0008225647126094
      6.1160002       0.0050541593888871       0.0007901725423012
      6.1459999       0.0050099885332755       0.0007646514545947
      6.1760001       0.0050688833236906       0.0007891910099009
      6.2069998       0.0050688833236906       0.0007803567438987
      6.2370000       0.0050836067840946       0.0007705408861962
      6.2639999       0.0051287596465059       0.0007901725423012
      6.2940001       0.0051729309765170       0.0007999883407037
      6.3249998       0.0052023778973251       0.0008392515936137
      6.3550000       0.0051876544369210       0.0008618279062195
      6.3850002       0.0051876544369210       0.0008412147177142
      6.4159999       0.0051876544369210       0.0008078409557057
      6.4460001       0.0052171023065280       0.0008029330565045
      6.4759998       0.0052917016153480       0.0008127489142069
      6.5060000       0.0052917016153480       0.0008696805805215
      6.5370002       0.0053810258077703       0.0009354465128382
      6.5669999       0.0055292443162083       0.0009776544222490
      6.5970001       0.0055292443162083       0.0010375308636642
      6.6279998       0.0057069111686526       0.0010208441012598
      6.6550002       0.0057069111686526       0.0009766729491486
      6.6849999       0.0056627398386416       0.0009511518021422
      6.7150002       0.0057373396218610       0.0009805992566496
      6.7459998       0.0057962344122761       0.0010551993956686
      6.7760000       0.0057815109518721       0.0010924994058782
      6.8060002       0.0057069111686526       0.0011013337904803
      6.8369999       0.0055439687254112       0.0010924994058782
      6.8670001       0.0055145208558042       0.0011062415710817
      6.8969998       0.0056480159038381       0.0010983888374798
      6.9580002       0.0058551296770906       0.0011916390409035
      6.9879999       0.0059591768555176       0.0012564233815200
      7.0180001       0.0061967195563779       0.0013133549885346
      7.0450001       0.0061819960959738       0.0012937236289292
      7.0760002       0.0062860432744008       0.0012201050223106
      7.1059999       0.0062261669515854       0.0011788784081003
      7.1360002       0.0060190536527324       0.0011445232322914
      7.1669998       0.0058708351442944       0.0011268548188868
      7.1970000       0.0058551296770906       0.0011916390409035
      7.2270002       0.0057962344122761       0.0012829261795266
      7.2579999       0.0057373396218610       0.0013290604557383
      7.2880001       0.0058109583470796       0.0013908999619542
      7.3179998       0.0058551296770906       0.0014527395867699
      7.3480000       0.0060190536527324       0.0014605923203718
      7.3790002       0.0062418724187892       0.0014851318163781
      7.4089999       0.0062418724187892       0.0014625555037723
      7.4089999       0.0053211494849549       0.0014262369073631
      7.4359999       0.0063007676836037       0.0014213290081619
      7.4660001       0.0064637096524457       0.0014821869819774
      7.4660001       0.0053957502169732       0.0014409606049669
      7.5270000       0.0055881395810228       0.0009167964484335
      7.5879998       0.0062418724187892       0.0008608463145192
      7.6479998       0.0062860432744008       0.0008510305754167
      7.7090001       0.0061967195563779       0.0007656329869950
      7.7690001       0.0061819960959738       0.0006890697238755
      7.8270001       0.0062565963535927       0.0006625670444687
      7.8870001       0.0064342617828388       0.0006537327784665
      7.9480000       0.0064931570476532       0.0006488249385652
      8.0089998       0.0065530333704686       0.0006272300990597
      8.0690002       0.0064931570476532       0.0005879669054497
      8.1300001       0.0064931570476532       0.0005604825750428
      8.1899996       0.0064637096524457       0.0005536115517410
      8.2480001       0.0064195387968341       0.0005506668952401
      8.3079996       0.0063753674668231       0.0005585195102422
      8.3690004       0.0063302146044118       0.0005408510375377
      8.4300003       0.0064637096524457       0.0005202378490324
      8.4899998       0.0065383099100646       0.0005163114822315
      8.5509996       0.0066276336280875       0.0005300535881350
      8.6079998       0.0067159758137101       0.0005418326292379
      8.6689997       0.0067454232089176       0.0005300535881350
      8.7290001       0.0067454232089176       0.0005045325004285
      8.7900000       0.0066865288929020       0.0004927535482755
      8.8509998       0.0067306997485135       0.0004996246012272
      8.9110003       0.0068641943221480       0.0005035509680282
      8.9680004       0.0070870130882049       0.0005310352391352
      9.0290003       0.0072951083938576       0.0005172930739317
      9.0900002       0.0073687271190762       0.0004996246012272
      9.1499996       0.0072499555314463       0.0005074772755292
      9.2110004       0.0072803849334536       0.0005084588672294
      9.2709999       0.0075022221671101       0.0005074772755292
      9.3319998       0.0079331357644203       0.0005388878541372
      9.3889999       0.0080960786820611       0.0005153299498312
      9.4499998       0.0080519073520501       0.0005241641565335
      9.5109997       0.0077849172559823       0.0005182746656320
      9.5710001       0.0076661461427519       0.0005045325004285
      9.8100004       0.0075768219503295       0.0005114035830302
      9.8710003       0.0076504411499475       0.0004760666672712
      9.9320002       0.0076808696031559       0.0004770482886214
      9.9919996       0.0077103174727629       0.0004682140226192
     10.0530005       0.0075915463595324       0.0004682140226192
     10.1129999       0.0075768219503295       0.0004583982242167
     10.1709995       0.0076955935379594       0.0004701772356697
     10.2309999       0.0076808696031559       0.0004711587680700
     10.2919998       0.0076209932803405       0.0004750850755710
     10.3529997       0.0076209932803405       0.0004927535482755
     10.4130001       0.0078879833764084       0.0005114035830302
     10.4740000       0.0081108021424652       0.0005231825648332
     10.5310001       0.0083630678293301       0.0005251456889338
     10.5920000       0.0083336209085220       0.0005153299498312
     10.6520004       0.0083188974481180       0.0005133667664307
     10.7130003       0.0082442971904991       0.0005222009138331
     10.7740002       0.0082442971904991       0.0005074772755292
     10.8339996       0.0081854024000841       0.0005055141514287
     10.8950005       0.0083041739877139       0.0005349615466362
     10.9519997       0.0084965638261629       0.0005447772857388
     11.0129995       0.0086899337738139       0.0005585195102422
     11.0730000       0.0086006110045899       0.0005477220608395
     11.1339998       0.0086899337738139       0.0005437958126384
     11.1940002       0.0088381532310508       0.0005467404691393
     11.2550001       0.0091493146571296       0.0005437958126384
     11.3120003       0.0093868568835905       0.0005555747351415
     11.3730001       0.0096244000588502       0.0005624457584433
     11.4340000       0.0101142089209749       0.0005771695153470
     11.4940004       0.0104557992746616       0.0005997458872527
     11.5550003       0.0106776369827175       0.0006223222591584
     11.6160002       0.0105745699134926       0.0006066169698544
     11.6759996       0.0103959224774468       0.0006007274196530
     11.7329998       0.0102771508898169       0.0005968011121520
     11.7939997       0.0101142089209749       0.0006046537271540
     11.8549995       0.0100248842541531       0.0005938563963512
     11.9150000       0.0098766657457151       0.0005977827038522
     11.9759998       0.0097431706976812       0.0006183958923575
     12.0360003       0.0094909050108163       0.0006556960211669
     12.0939999       0.0094015812927934       0.0006733644345714
     12.1540003       0.0094163047531974       0.0006772908013724
     12.2150002       0.0094467336808053       0.0006527512460662
     12.2760000       0.0093868568835905       0.0006645302278692
     12.3360004       0.0093868568835905       0.0006969223388775
     12.3970003       0.0095203528804232       0.0006929960906764
     12.4540005       0.0097726195160870       0.0006861250080747
     12.5150003       0.0099365425429299       0.0006772908013724
     12.5749998       0.0099659904125369       0.0006635486361689
     12.6359997       0.0100543330725589       0.0006674749436700
     12.6960001       0.0101142089209749       0.0006831802329740
     12.7570000       0.0103065987594239       0.0006979039898777
     12.8179998       0.0103517511474358       0.0006988855222780
     12.8750000       0.0103664746078398       0.0007136092791817
     12.9359999       0.0103370276870317       0.0007312777518861
     12.9960003       0.0103517511474358       0.0007361855917875
     13.0570002       0.0103959224774468       0.0007705408861962
     13.1180000       0.0103959224774468       0.0008215831802091
     13.1780005       0.0103370276870317       0.0008206015292090
     13.2349997       0.0103959224774468       0.0007990068083034
     13.2959995       0.0103959224774468       0.0008029330565045
     13.3570004       0.0105294175254807       0.0008304173276115
     13.4169998       0.0106776369827175       0.0008353252861127
     13.4779997       0.0107816832123456       0.0008323805110120
     13.5380001       0.0108710078791674       0.0008451410252152
     13.5959997       0.0107816832123456       0.0008549568829177
     13.7170000       0.0106040177830995       0.0008863674615257
     13.7779999       0.0107227893707294       0.0008961833192281
     13.8109999       0.0102329805086047       0.0008902937690267
     13.8380003       0.0113156634044813       0.0009226859986349
     13.8959999       0.0111085491568294       0.0009423175361400
     13.8959999       0.0107669597519416       0.0009354465128382
     13.9799995       0.0122511097987196       0.0010277151838616
     14.0640001       0.0130668035473272       0.0008058778316052
     14.1479998       0.0132150220557652       0.0007342224083870
     14.2320004       0.0136606605366777       0.0006910329072759
     14.3160000       0.0134083939010139       0.0006527512460662
     14.4010000       0.0134083939010139       0.0006468618144646
     14.4849997       0.0134525652310249       0.0006311564658607
     14.5690002       0.0133485171037991       0.0006321380575609
     14.6529999       0.0137048309178898       0.0006399907318629
     14.7370005       0.0136312126670707       0.0006655117602695
     14.8219995       0.0138677728867319       0.0006586406776678
     14.9060001       0.0138236025055197       0.0006115248690557
     14.9899998       0.0144321829552742       0.0005909116212505
     15.0740004       0.0145058012060933       0.0005869853137495
     15.1580000       0.0144763533364864       0.0005830589469485
     15.2430000       0.0143575826976554       0.0005918932129507
     15.3269997       0.0142093641892174       0.0006183958923575
     15.4110003       0.0141946407288133       0.0005761879236467
     15.4949999       0.0143134113676443       0.0005477220608395
     15.5790005       0.0147433434325542       0.0005506668952401
     15.6630001       0.0149808866078139       0.0005585195102422
     15.7480001       0.0152626001642858       0.0005771695153470
     15.8290005       0.0159006284836473       0.0006213406081583
     15.9130001       0.0163904354481743       0.0006291932824602
     16.3339996       0.0158564571536363       0.0007214618941837
     16.4179993       0.0162569413489392       0.0007077197882802
     16.5020008       0.0164797591661972       0.0006880881321752
     16.5860004       0.0164198842665801       0.0006812170495735
     16.6700001       0.0163020927881523       0.0006871064811750
     16.7549992       0.0164650376033908       0.0006939776230767
     16.8390007       0.0177558158049202       0.0007096828530808
     16.9230003       0.0190465940064495       0.0007057566048797
     17.0070000       0.0198033939134408       0.0006890697238755
     17.0909996       0.0196257275353959       0.0006861250080747
     17.1760006       0.0188237742915938       0.0007214618941837
     17.2600002       0.0184085666358869       0.0007381488344879
     17.3439999       0.0181121277214132       0.0007823199272992
     17.4279995       0.0174289489116375       0.0007960620925026
     17.5130005       0.0173847785304254       0.0007607251470937
     17.5970001       0.0178294331069404       0.0007587619636932
     17.6809998       0.0184527370170990       0.0007999883407037
     17.7649994       0.0186461098111466       0.0008402331853139
     17.8490009       0.0182603490762477       0.0008824411540247
     17.9330006       0.0181710234606271       0.0009590044171442
     18.0179996       0.0182309002578419       0.0009501701511420
     18.1019993       0.0180522528217961       0.0009275937792363
     18.1860008       0.0189877001648333       0.0009187596318339
     18.2700005       0.0192399649028994       0.0009177780994336
     18.3540001       0.0189877001648333       0.0009295570219367
     18.4389992       0.0184831649959080       0.0009275937792363
     18.5230007       0.0183192429178640       0.0009364280452385
     18.6070004       0.0185567860931237       0.0009717649906474
     18.6910000       0.0182309002578419       0.0009668571507461
     18.7749996       0.0179786336221782       0.0009275937792363
     18.8600006       0.0184380135566950       0.0009217043476347
     18.9440002       0.0188384996495956       0.0009550781096432
     19.0279999       0.0189729767044292       0.0009413360037397
     19.1119995       0.0188090508311898       0.0009432991278402
     19.1959991       0.0183791197150787       0.0010228071660605
     19.2810001       0.0189729767044292       0.0010581439928696
     19.3649998       0.0190465940064495       0.0010758125248740
     19.5330009       0.0193734590021345       0.0010924994058782
     19.6170006       0.0191948134636863       0.0010993704884799
     19.7010002       0.0190907643876617       0.0011258731678867
     19.9540005       0.0201891546483397       0.0011877127927024
     19.9540005       0.0196257275353959       0.0011847680769016
     19.9540005       0.0201891546483397       0.0011877127927024
     19.9540005       0.0196257275353959       0.0011847680769016
     19.9540005       0.0201891546483397       0.0011877127927024
     20.0380001       0.0196110021773942       0.0011916390409035
     20.1219997       0.0192694118237075       0.0012201050223106
     20.2910004       0.0186019394299344       0.0013604710343464
     20.2910004       0.0179334821829651       0.0013565446675454
     20.2910004       0.0186019394299344       0.0013604710343464
     20.2910004       0.0179334821829651       0.0013565446675454
     20.2910004       0.0186019394299344       0.0013604710343464
     20.4589996       0.0175035472716587       0.0014812053309773
     20.6240005       0.0180974061586069       0.0010718862766729
     20.7929993       0.0185862330139318       0.0009756912981485
     20.9610004       0.0189278233676185       0.0008490673920162
     21.2980003       0.0218362447663621       0.0009491886780416
     21.4659996       0.0226970937493781       0.0008363068185130
     21.6350002       0.0225783212129494       0.0007921356664017
     21.8029995       0.0219550192003885       0.0008922569524272
     21.9710007       0.0217174760251288       0.0009305386136369
     22.1399994       0.0221474071412398       0.0007666146379952
     22.3080006       0.0217616464063409       0.0007646514545947
     22.4769993       0.0218656935847679       0.0008912753607269
     22.6450005       0.0217616464063409       0.0008107857308065
     22.8129997       0.0225037228529282       0.0007106645040809
     22.9820004       0.0227707110513984       0.0006478433468649
     23.3190002       0.0243736345834040       0.0007852645838000
     23.4869995       0.0244325265274225       0.0007302961601859
     23.6550007       0.0245218521430431       0.0006439169800640
     23.8239994       0.0242548601493776       0.0006144695848565
     23.9920006       0.0237945010544575       0.0006468618144646
     24.1599998       0.0232605208623219       0.0006645302278692
     24.3290005       0.0233203957619390       0.0006458801634645
     24.4969997       0.0238838228748828       0.0006331196492612
     24.6660004       0.0255456402485046       0.0006262485666594
     24.8339996       0.0261100503170469       0.0006556960211669
     25.0020008       0.0269699144468667       0.0006890697238755
     25.1669998       0.0270886850856977       0.0006763091503722
     25.3360004       0.0274008285185763       0.0006880881321752
     25.8409996       0.0276079399198316       0.0007361855917875
     26.0090008       0.0274008285185763       0.0007175355273827
     26.1779995       0.0275048756970032       0.0007214618941837
     26.3460007       0.0279937044499259       0.0006831802329740
     26.5139999       0.0283058440876091       0.0007077197882802
     26.6830006       0.0284687889028476       0.0007636698628944
     26.8509998       0.0287210536409137       0.0007567987802927
     27.0200005       0.0290322160157914       0.0007558172478924
     27.1879997       0.0289134434793627       0.0007342224083870
     27.3570004       0.0283647398268230       0.0007253882016847
     27.5249996       0.0283647398268230       0.0006831802329740
     27.6930008       0.0289733202765775       0.0007145908115820
     27.8619995       0.0298636142828039       0.0007833014596995
     28.0300007       0.0308432320070533       0.0008029330565045
     28.1980000       0.0309767261062883       0.0008333621027122
     28.3670006       0.0309168512066712       0.0008048962992049
     28.5349998       0.0301600512996799       0.0008274726118107
     28.7040005       0.0298341673619958       0.0007430566743892
     28.8719997       0.0300864321000619       0.0007234250775842
     29.0400009       0.0303092518149176       0.0007980252166032
     29.2089996       0.0306645845710074       0.0009089438334314
     29.3770008       0.0314518124568078       0.0009432991278402
     29.5450001       0.0319111942889223       0.0009658755590459
     29.7140007       0.0325786666826954       0.0009246491227354
     29.8789997       0.0315853046584452       0.0008529936995172
     30.0470009       0.0313772140967866       0.0008039147075047
     30.2159996       0.0302640984781068       0.0008353252861127
     30.3840008       0.0310208983850982       0.0008902937690267
     30.5520000       0.0318670182149171       0.0009167964484335
     30.7210007       0.0324903259202710       0.0009501701511420
     30.8889999       0.0323411216098380       0.0010061202850562
     31.0580006       0.0324157237650545       0.0010542177446685
     31.2259998       0.0333953433869015       0.0010591256438697
     31.3939991       0.0339734958578470       0.0010237888170606
     31.5629997       0.0333953433869015       0.0010424388814653
     31.7310009       0.0320594080533661       0.0011297995346876
     31.8999996       0.0320446902857550       0.0012083259219077
     32.0680008       0.0329644293151919       0.0012721286115240
     32.2360001       0.0341815902147009       0.0013850105303526
     32.4049988       0.0338399960658189       0.0014890581831790
     32.5730019       0.0329202570363821       0.0014350710547655
     32.7420006       0.0317776944968942       0.0013585077323460
     32.9099998       0.0323116784842252       0.0014046421271577
     33.0779991       0.0333658926708980       0.0014144579255602
     33.2470016       0.0347008450488349       0.0015685661027994
     33.4150009       0.0351013292441378       0.0016667242054244
     33.5830002       0.0351612022461572       0.0016932268848311
     33.7519989       0.0357992353095129       0.0018070902174602
     33.9199982       0.0359327313063457       0.0020780065617291
     34.0890007       0.0360210720687700       0.0023322357877941
     34.2570000       0.0363184901436469       0.0022733412345787
     34.5900002       0.0355165350022471       0.0021742014809536
