# after normalization w/ W3 magnitude
      5.1560001       0.0020172046105251       0.0054674406000238
      5.1880002       0.0020941615990554       0.0020731733476090
      5.2199998       0.0021582922897101       0.0014610157475155
      5.2470002       0.0020941615990554       0.0014155412359952
      5.2789998       0.0021839444860997       0.0015006602779367
      5.3109999       0.0021198137954450       0.0013490783731881
      5.3379998       0.0020300307087199       0.0012476352244242
      5.3699999       0.0021454659918345       0.0012884457910014
      5.4020000       0.0022609014746300       0.0013152640235469
      5.4289999       0.0022352492782404       0.0012499671968958
      5.4610000       0.0023763367577446       0.0011333658776252
      5.4930000       0.0025698953650667       0.0011065474453988
      5.5200000       0.0027238093421273       0.0010762311043853
      5.5520000       0.0027494613388361       0.0010762311043853
      5.5830002       0.0026853306481814       0.0010948872835196
      5.6110001       0.0025698953650667       0.0011030494367712
      5.6430001       0.0025827216629423       0.0010319226290209
      5.6739998       0.0025955475614563       0.0009957761072274
      5.7020001       0.0024929383765364       0.0009677917386854
      5.7340002       0.0024276417495662       0.0010086023052626
      5.7610002       0.0024929383765364       0.0009876139539758
      5.7930002       0.0025827216629423       0.0010365866738045
      5.8239999       0.0025698953650667       0.0010517448443113
      5.8520002       0.0025442429689964       0.0010447487272157
      5.8829999       0.0024661200441505       0.0011217057157460
      5.9150000       0.0024789461423453       0.0011403617950400
      5.9419999       0.0024276417495662       0.0011601841101707
      5.9740000       0.0024404678477609       0.0011415278311960
      6.0060000       0.0024532937462749       0.0011695121997379
      6.0330000       0.0025185903732452       0.0011998286405919
      6.0650001       0.0025442429689964       0.0012243149006659
      6.0970001       0.0026211999575267       0.0011905004511843
      6.1240001       0.0026596780524302       0.0011438600033484
      6.1560001       0.0027494613388361       0.0011182076072780
      6.1880002       0.0028135922291716       0.0011753422806775
      6.2150002       0.0028135922291716       0.0011368637864124
      6.2470002       0.0028520707234367       0.0011345319137812
      6.2789998       0.0028520707234367       0.0011800064253015
      6.3060002       0.0028520707234367       0.0011706782358939
      6.3379998       0.0029162014140914       0.0012697895120266
      6.3699999       0.0029033755155775       0.0012592951866226
      6.3969998       0.0028648970213123       0.0012173188834107
      6.4289999       0.0028905492177019       0.0011683460637415
      6.4600000       0.0028007661309768       0.0011846704700851
      6.4879999       0.0029418538101618       0.0011986626044359
      6.5190001       0.0029803321047461       0.0013280903214225
      6.5510001       0.0029803321047461       0.0014027150379600
      6.5780001       0.0030969337235380       0.0014505217216327
      6.6100001       0.0031738907120683       0.0015531309065526
      6.6420002       0.0031867168102630       0.0014470237130051
      6.6690001       0.0032764998969881       0.0014050471102720
      6.7010002       0.0032380214027230       0.0013898889397652
      6.7329998       0.0031610642145119       0.0014866681435859
      6.7600002       0.0030712813274676       0.0015869453560341
      6.7919998       0.0029418538101618       0.0015857793198781
      6.8239999       0.0029162014140914       0.0016056015351685
      6.8509998       0.0029803321047461       0.0015822812114101
      6.8829999       0.0030328030328833       0.0016417479571217
      6.9099998       0.0030572890932764       0.0015624589961198
      6.9419999       0.0031097598217328       0.0016767284427592
      6.9740000       0.0031995429084578       0.0017863336449342
      7.0009999       0.0032636737987933       0.0018586266885214
      7.0330000       0.0031995429084578       0.0019204253068640
      7.0650001       0.0030456291310781       0.0017793376276791
      7.0920000       0.0029546799083566       0.0016988828302020
      7.1240001       0.0028905492177019       0.0016697322258232
      7.1550002       0.0028777229198263       0.0016137635885797
      7.1830001       0.0028777229198263       0.0016405820208061
      7.2140002       0.0030572890932764       0.0018236462028838
      7.2459998       0.0032893259951829       0.0019285874601156
      7.2740002       0.0034175875761731       0.0019752279079516
      7.3049998       0.0034817182668278       0.0021174817231330
      7.3369999       0.0034688923683139       0.0021443000555189
      7.3649998       0.0035458493568442       0.0021221456680762
      7.3959999       0.0035073708625790       0.0021921066393513
      7.4280000       0.0032893259951829       0.0020335287173475
      7.4549999       0.0031097598217328       0.0020766713562366
      7.4870000       0.0032251955042090       0.0022562373300060
      7.5190001       0.0032508475009177       0.0014656797922991
      7.5460000       0.0033149783912533       0.0014050471102720
      7.5780001       0.0036356322438884       0.0013479123370321
      7.6370001       0.0037009290705395       0.0013584065625957
      7.7010002       0.0038035382554594       0.0012243149006659
      7.7600002       0.0039831044289095       0.0010995514281436
      7.8189998       0.0038548430476001       0.0010459147633717
      7.8820000       0.0037009290705395       0.0010214284034573
      7.9410000       0.0036356322438884       0.0010132663500462
      8.0000000       0.0037009290705395       0.0009841160451886
      8.0600004       0.0038676693454757       0.0009293133442607
      8.1230001       0.0039831044289095       0.0008815066605879
      8.1820002       0.0039446259346444       0.0008698464987087
      8.2410002       0.0037265812669291       0.0008593524728260
      8.3050003       0.0036752768741500       0.0008745106433328
      8.3640003       0.0039061474403792       0.0008558543643580
      8.4230003       0.0039959307267851       0.0008185419561690
      8.4870005       0.0039959307267851       0.0008103798528376
      8.5459995       0.0038933215418653       0.0008267040095802
      8.6049995       0.0040472351195642       0.0008488583471028
      8.6680002       0.0040728877153154       0.0008290360818922
      8.7270002       0.0041241921080945       0.0007905575876271
      8.7860003       0.0041370184059701       0.0007730673947285
      8.8500004       0.0041241921080945       0.0007823955342159
      8.9090004       0.0040985399117049       0.0007847275566077
      8.9680004       0.0041241921080945       0.0008243720371086
      9.0319996       0.0042920981196655       0.0008010517133503
      9.0909996       0.0044203599003365       0.0007765654532763
      9.1499996       0.0044716646924772       0.0007917235738629
      9.2089996       0.0045357953831319       0.0007940556960951
      9.2729998       0.0044716646924772       0.0007870595789995
      9.3319998       0.0045357953831319       0.0008278700956564
      9.3909998       0.0045742734780354       0.0007882256151555
      9.4540005       0.0045486212816459       0.0008033838355825
      9.5129995       0.0044973168888668       0.0007987196909585
      9.5719995       0.0043690551081957       0.0007765654532763
      9.6359997       0.0045357953831319       0.0007264268969724
      9.6949997       0.0045614471801598       0.0007077706179976
      9.8769999       0.0046512304665657       0.0007345890003038
      9.9359999       0.0047281874550960       0.0007415850175589
     10.0000000       0.0047806583832332       0.0007275928332880
     10.0590000       0.0047806583832332       0.0007299248556798
     10.1180000       0.0047410137529716       0.0007147667350932
     10.1809998       0.0048576153717635       0.0007357549366193
     10.2399998       0.0049730504551973       0.0007369209727753
     10.2989998       0.0049730504551973       0.0007450830261865
     10.3579998       0.0048576153717635       0.0007719013585725
     10.4219999       0.0047678320853576       0.0007940556960951
     10.4809999       0.0049345719609321       0.0008092138166816
     10.5400000       0.0051654433258847       0.0008115458889936
     10.6040001       0.0052552258135673       0.0007963877184869
     10.6630001       0.0052295736171777       0.0007952216823309
     10.7220001       0.0051526166286474       0.0008115458889936
     10.7849998       0.0052680521114429       0.0007835615204517
     10.8439999       0.0052937043078324       0.0007905575876271
     10.9040003       0.0052680521114429       0.0008371981353034
     10.9670000       0.0051013122358683       0.0008406962936916
     11.0260000       0.0050884859379927       0.0008570204005140
     11.0850000       0.0051397907301335       0.0008371981353034
     11.1490002       0.0053974800281103       0.0008383642213796
     11.2080002       0.0054744370166406       0.0008430282661632
     11.2670002       0.0056155242964640       0.0008325341404400
     11.3310003       0.0056540027907291       0.0008523563557304
     11.3900003       0.0056411768922152       0.0008558543643580
     11.4490004       0.0055898724994361       0.0008710125348647
     11.5080004       0.0054359585223755       0.0008966649309351
     11.5710001       0.0054744370166406       0.0009234832633211
     11.6300001       0.0054487840215278       0.0008908348499955
     11.6890001       0.0052937043078324       0.0008908348499955
     11.7530003       0.0054103055272626       0.0008873367415275
     11.8120003       0.0055257410100581       0.0009106570652859
     11.8710003       0.0057053071835082       0.0008873367415275
     11.9350004       0.0055898724994361       0.0009094911289703
     11.9940004       0.0055770458021988       0.0009491355595510
     12.0530005       0.0056026979985884       0.0010155983225177
     12.1169996       0.0057566123750106       0.0010354206376485
     12.1759996       0.0055898724994361       0.0010295905567089
     12.2349997       0.0055770458021988       0.0009782858644086
     12.2980003       0.0055513940051709       0.0010319226290209
     12.3570004       0.0057437856777734       0.0010797291130129
     12.4160004       0.0058079163684281       0.0010482467358433
     12.4799995       0.0059245179872199       0.0010412507185881
     12.5389996       0.0060527797678910       0.0010225944396133
     12.5979996       0.0061938674470760       0.0010062702329506
     12.6569996       0.0062323459413411       0.0010249265119253
     12.7209997       0.0062836499347586       0.0010517448443113
     12.7799997       0.0063734336205261       0.0010680689511337
     12.8389997       0.0064503910084180       0.0010634050061905
     12.9029999       0.0064632165075703       0.0011042154729272
     12.9619999       0.0063093029298714       0.0011170416709624
     13.0209999       0.0061682148513248       0.0011147095986504
     13.0839996       0.0061297367564213       0.0012009946767479
     13.1429996       0.0063221284290237       0.0012732875206542
     13.2019997       0.0062964766319958       0.0012278129092934
     13.2659998       0.0060014745763886       0.0011916664873403
     13.3249998       0.0057950908692758       0.0012196509557227
     13.3839998       0.0059886490772363       0.0012639594310870
     13.4480000       0.0064119121147912       0.0012522992692078
     13.5070000       0.0066054703227518       0.0012662914035586
     13.5660000       0.0065669918284866       0.0012861137186894
     13.6250000       0.0063221284290237       0.0012931097359446
     13.6890001       0.0063606073226505       0.0013327542663657
     13.7480001       0.0063862599184017       0.0013490783731881
     13.8070002       0.0064503910084180       0.0013572405264397
     13.8699999       0.0065798181263622       0.0014015491016444
     13.9289999       0.0068106886925914       0.0014481896493207
     13.9879999       0.0068363412883426       0.0015134863761314
     14.0699997       0.0065926444242378       0.0014435255046967
     14.1560001       0.0068876456811217       0.0014260353617184
     14.2430000       0.0070928640509614       0.0013327542663657
     14.3249998       0.0073505537482999       0.0012651254672430
     14.4110003       0.0072094656697533       0.0012581292503070
     14.4969997       0.0071453345797369       0.0012266468731374
     14.5790005       0.0072735967597696       0.0012324769540770
     14.6650000       0.0074531625338581       0.0012499671968958
     14.7519999       0.0075942506124048       0.0013024378255117
     14.8330002       0.0075685980166536       0.0012779514655974
     14.9200001       0.0071068560854718       0.0011741763443619
     15.0019999       0.0068619938840938       0.0011380298225684
     15.0880003       0.0067850360968403       0.0011345319137812
     15.1739998       0.0071325086812230       0.0011298676693168
     15.2559996       0.0074018581410790       0.0011520219569191
     15.3420000       0.0078519395110200       0.0012079905941627
     15.4289999       0.0078647654095339       0.0011018834006152
     15.5100002       0.0076210685454291       0.0010552429527793
     15.5970001       0.0075942506124048       0.0010704010234457
     15.6829996       0.0076338944439430       0.0010867252301084
     15.7650003       0.0073890314438418       0.0011240376882176
     15.8509998       0.0074018581410790       0.0012173188834107
     15.9370003       0.0075814247138908       0.0012103226664747
     16.0189991       0.0082635431854191       0.0012557972778354
     16.1049995       0.0082367244536715       0.0013175959960185
     16.1870003       0.0082763690839330       0.0013001057531997
     16.2740002       0.0081982459594063       0.0014003830654884
     16.3600006       0.0080571578808597       0.0013910548760808
     16.4419994       0.0079417223980642       0.0013549085539681
     16.5279999       0.0078391136125060       0.0013140979873909
     16.6140003       0.0079802008923294       0.0013117659150789
     16.6959991       0.0080828104766109       0.0013304221940537
     16.7819996       0.0079545482965782       0.0013420823559329
     16.8689995       0.0076723729382082       0.0013630706073793
     16.9510002       0.0076338944439430       0.0013304221940537
     17.0370007       0.0078006351182409       0.0012966077445721
     17.1229992       0.0081982459594063       0.0013129319512349
     17.2049999       0.0080315052851085       0.0014073791825840
     17.2910004       0.0081212889708760       0.0014178732084668
     17.3729992       0.0076455550051839       0.0015356406637338
     17.4589996       0.0077365040282245       0.0015169844845994
     17.5459995       0.0080828104766109       0.0014318654426580
     17.6270008       0.0085713703408170       0.0014691780006075
     17.7140007       0.0086355006321100       0.0015682890770594
     17.7999992       0.0083918045667285       0.0016347519398665
     17.8820000       0.0082367244536715       0.0017245350265915
     17.9680004       0.0082250638924306       0.0018971051827865
     18.0550003       0.0083533260724633       0.0017700095381119
     18.1359997       0.0088022413064078       0.0017828356363066
     18.2229996       0.0093036270691279       0.0017420250697295
     18.4769993       0.0089060170266857       0.0017723416104239
     18.5590000       0.0091753656878185       0.0018178161219442
     18.6450005       0.0095613167664664       0.0018959390467901
     18.7310009       0.0100883551249376       0.0018318081564546
     18.8129997       0.0096126211592455       0.0017548513676051
     18.8990002       0.0090214525094812       0.0017851677086186
     18.9860001       0.0090471043065091       0.0018574605525249
     19.0680008       0.0092651493735860       0.0017571832402363
     19.1539993       0.0106025667861716       0.0018714527867161
     19.2399998       0.0110911266503777       0.0020673432666695
     19.3220005       0.0113733028074710       0.0020230346914647
     19.4080009       0.0108847429432649       0.0021209797317606
     19.4899998       0.0108462636502765       0.0020755054199211
     19.5760002       0.0116298255700898       0.0021303078213277
     19.6630001       0.0113219976159686       0.0021186476594486
     19.7450008       0.0108590903475137       0.0022259211886732
     19.8309994       0.0104743054048622       0.0022130948907976
     20.0849991       0.0113989546044989       0.0023238662289691
     20.1720009       0.0118618626716771       0.0023996572811838
     20.4260006       0.0119516455587213       0.0026713386136710
     20.5079994       0.0113604761102337       0.0053380130827180
     20.5939999       0.0113861287059849       0.0031692265674443
     20.7619991       0.0115143908860176       0.0039131434576344
     20.9300003       0.0124530313214414       0.0033254726168169
     21.1030006       0.0125684668042368       0.0032834959142433
     21.4389992       0.0132109406455035       0.0032648397351089
     21.6070004       0.0131724613525151       0.0029873283216821
     21.7800007       0.0133403681628093       0.0034024294056663
     21.9480000       0.0139315376112969       0.0037067589517983
     22.1159992       0.0140084945998272       0.0029838301133737
     22.2889996       0.0138149367912283       0.0028882169457091
     22.4570007       0.0140854515883575       0.0034863824114518
     22.6250000       0.0142778448584065       0.0031925466915218
     22.7929993       0.0145611855540496       0.0027867738967856
     22.9659996       0.0139431973738144       0.0024812782146573
     23.1340008       0.0149587963952151       0.0026631764604194
     23.3020000       0.0152549629893721       0.0030386331138229
     23.4750004       0.0151651801023279       0.0028322486079868
     23.6429996       0.0143676261480042       0.0024777804057105
     23.8110008       0.0141495826783738       0.0023483526887239
     23.9790001       0.0143804536439647       0.0024801120786608
     24.1509991       0.0144061054409926       0.0025640650844463
     24.3190002       0.0142008878698762       0.0024894403679088
     24.4880009       0.0143291484524623       0.0024358037031369
     24.6599998       0.0145868373510775       0.0023879971193046
     24.8279991       0.0156922176620758       0.0025022664661036
     24.9960003       0.0160513508076994       0.0026293619110974
     25.1639996       0.0160898301006878       0.0025792234546339
     25.3369999       0.0144574106324950       0.0026083736596511
     25.5049992       0.0142137121709436       0.0027832758881580
     25.6730003       0.0145087142265508       0.0026596780524302
     25.8460007       0.0158461316391364       0.0027972683220300
     26.0139999       0.0160000472136436       0.0027308051597017
     26.1819992       0.0157050467554829       0.0027401332492689
     26.3500004       0.0154730080564491       0.0025920495528287
     26.5230007       0.0155371391464654       0.0026888288564898
     26.6910000       0.0157178726539969       0.0028952133623259
     26.8589993       0.0157820037440132       0.0028613988130039
     27.0319996       0.0157178726539969       0.0028509047871211
     27.2000008       0.0158974368306388       0.0027739477985908
     27.3680000       0.0163090413037612       0.0027482954025205
     27.5359993       0.0162577361122588       0.0025862194718891
     27.7089996       0.0158204798421085       0.0027168131251913
     27.8770008       0.0158204798421085       0.0029663400702358
     28.0450001       0.0160128731121575       0.0030188105990113
     28.2180004       0.0162833879092867       0.0031330801454911
     28.3859997       0.0162962138078007       0.0030188105990113
     28.5540009       0.0164757811793357       0.0031167558389879
     28.7220001       0.0172465156031885       0.0027786117435340
     28.8950005       0.0174144216147595       0.0027447973938929
     29.0629997       0.0179018169404157       0.0030631191742160
     29.2310009       0.0179158089749261       0.0034782202582002
     29.4029999       0.0174657268062619       0.0035621732639857
     29.5709991       0.0171182534231558       0.0036228059460128
     29.9080009       0.0189302402628837       0.0031750566483839
     30.0799999       0.0185454553202323       0.0030164785266993
     30.2479992       0.0182364612301147       0.0031983767724614
     30.4160004       0.0178248599518854       0.0033919353797836
     30.5839996       0.0178376842529528       0.0034583979430694
     30.7570000       0.0184801580942195       0.0036006517582508
     30.9249992       0.0187250226917673       0.0038326888598381
     31.0930004       0.0194572794200783       0.0040017606080439
     31.2660007       0.0192264068570408       0.0039597841051511
     31.4340000       0.0186352382072765       0.0037953761022078
     31.6019993       0.0183262441171589       0.0039422936626515
     31.7700005       0.0192135825559734       0.0043515650650578
     31.9430008       0.0208460004267197       0.0046454005853070
     32.1110001       0.0213077439553480       0.0048727731429086
     32.7879982       0.0205241820355347       0.0051001457005103
     32.9560013       0.0208460004267197       0.0053904836114935
     33.1290016       0.0208588295201268       0.0053438429639768
     33.2970009       0.0206139665200255       0.0060889263895249
     33.4650002       0.0203061369684578       0.0062906463513754
     33.6380005       0.0208973056182221       0.0063804300371429
     33.8059998       0.0218091297180681       0.0069692672136377
     33.9739990       0.0219245659995868       0.0081434431586380
