#
      5.2474899      0.0016065      0.0008886
      5.2777300      0.0013615      0.0004614
      5.3079700      0.0013440      0.0003739
      5.3382101      0.0014094      0.0004048
      5.3684602      0.0014708      0.0005233
      5.3987002      0.0011692      0.0003604
      5.4289398      0.0013469      0.0004655
      5.4591799      0.0014613      0.0008272
      5.4894199      0.0011160      0.0004728
      5.5196700      0.0016198      0.0004623
      5.5499101      0.0015847      0.0003025
      5.5801501      0.0014501      0.0004972
      5.6103902      0.0012589      0.0003593
      5.6406298      0.0014679      0.0002667
      5.6708798      0.0016389      0.0002925
      5.7011199      0.0016561      0.0003640
      5.7313600      0.0016379      0.0002888
      5.7616000      0.0015230      0.0002919
      5.7918401      0.0014560      0.0003537
      5.8220901      0.0014430      0.0002673
      5.8523302      0.0016423      0.0004621
      5.8825698      0.0016742      0.0005070
      5.9128098      0.0016912      0.0003335
      5.9430499      0.0018461      0.0002873
      5.9733000      0.0018973      0.0003824
      6.0035400      0.0019154      0.0003682
      6.0337801      0.0017681      0.0004038
      6.0640202      0.0019833      0.0003912
      6.0942602      0.0018963      0.0004125
      6.1245098      0.0018567      0.0004480
      6.1547499      0.0018445      0.0004318
      6.1849899      0.0018543      0.0008222
      6.2152300      0.0019481      0.0005170
      6.2454700      0.0019630      0.0005186
      6.2757201      0.0018591      0.0004304
      6.3059602      0.0019753      0.0004498
      6.3362002      0.0020393      0.0004365
      6.3664398      0.0019965      0.0015496
      6.3966799      0.0022793      0.0003896
      6.4269300      0.0018649      0.0006071
      6.4571700      0.0020750      0.0008992
      6.4874101      0.0020266      0.0003353
      6.5176501      0.0019787      0.0004583
      6.5478902      0.0021135      0.0004211
      6.5781398      0.0025181      0.0003467
      6.6083798      0.0021076      0.0005141
      6.6386199      0.0022291      0.0005290
      6.6688600      0.0019994      0.0006941
      6.6991000      0.0022847      0.0004688
      6.7293501      0.0022394      0.0005504
      6.7595901      0.0024905      0.0004501
      6.7898302      0.0022596      0.0005558
      6.8200698      0.0023615      0.0007747
      6.8503098      0.0023196      0.0006706
      6.8805599      0.0020592      0.0006448
      6.9108000      0.0023464      0.0015852
      6.9410400      0.0018196      0.0007455
      6.9712801      0.0023788      0.0007371
      7.0015202      0.0025166      0.0006735
      7.0317702      0.0021080      0.0005452
      7.0620098      0.0022134      0.0007832
      7.0922499      0.0025471      0.0008093
      7.1224899      0.0023169      0.0007076
      7.1527300      0.0025138      0.0005282
      7.1829801      0.0028929      0.0006371
      7.2132201      0.0029060      0.0008229
      7.2434602      0.0025079      0.0008988
      7.2737002      0.0024573      0.0007117
      7.3039398      0.0024398      0.0014584
      7.3341899      0.0024375      0.0008248
      7.3644300      0.0023209      0.0006097
      7.3946700      0.0023808      0.0006476
      7.4249101      0.0024541      0.0008506
      7.4551501      0.0024226      0.0012101
      7.4551501      0.0022233      0.0005647
      7.4854002      0.0022946      0.0014767
      7.5156398      0.0024091      0.0004669
      7.5761199      0.0023531      0.0007773
      7.5761199      0.0022902      0.0005374
      7.6366000      0.0022993      0.0013244
      7.6366000      0.0023274      0.0003700
      7.6970901      0.0028740      0.0006970
      7.6970901      0.0023700      0.0005524
      7.7575698      0.0025580      0.0006873
      7.7575698      0.0024346      0.0004969
      7.8180499      0.0025517      0.0022749
      7.8180499      0.0023666      0.0010076
      7.8785400      0.0013869      0.0010013
      7.8785400      0.0023665      0.0005345
      7.9390202      0.0025382      0.0007713
      7.9390202      0.0024026      0.0004993
      7.9995098      0.0022495      0.0007112
      7.9995098      0.0025006      0.0003849
      8.0599899      0.0015819      0.0006152
      8.0599899      0.0028762      0.0004123
      8.1204700      0.0018119      0.0008262
      8.1204700      0.0026850      0.0004850
      8.1809597      0.0028258      0.0007413
      8.1809597      0.0025430      0.0003204
      8.2414398      0.0029461      0.0009378
      8.2414398      0.0026439      0.0004006
      8.3019199      0.0022242      0.0016680
      8.3019199      0.0025966      0.0004611
      8.3624096      0.0023125      0.0008589
      8.3624096      0.0023356      0.0004545
      8.4228897      0.0023653      0.0041085
      8.4228897      0.0024300      0.0007927
      8.4833698      0.0021933      0.0006671
      8.4833698      0.0023949      0.0007083
      8.5438604      0.0019477      0.0005688
      8.6043396      0.0023745      0.0010525
      8.6648302      0.0030542      0.0007976
      8.7253103      0.0023651      0.0005188
      8.7857904      0.0022057      0.0005735
      8.8462801      0.0029727      0.0004991
      8.9067602      0.0025101      0.0012936
      8.9672403      0.0021709      0.0004547
      9.0277300      0.0024353      0.0007055
      9.0882101      0.0028975      0.0005718
      9.1486902      0.0022916      0.0006890
      9.2091799      0.0029547      0.0005570
      9.2696600      0.0026979      0.0005669
      9.3301497      0.0026604      0.0005245
      9.3906298      0.0029069      0.0007607
      9.4511099      0.0026735      0.0005312
      9.5115995      0.0032346      0.0006091
      9.5720797      0.0027739      0.0009334
      9.6325598      0.0030462      0.0005648
      9.6930504      0.0030050      0.0007253
      9.7535295      0.0026634      0.0007704
      9.8140097      0.0022673      0.0006350
      9.8745003      0.0033080      0.0005820
      9.9349804      0.0031257      0.0005590
      9.9954700      0.0029012      0.0009531
     10.0559502      0.0025518      0.0006810
     10.1164303      0.0027817      0.0008129
     10.1769199      0.0028534      0.0008789
     10.2374001      0.0028981      0.0012770
     10.2978802      0.0030695      0.0008220
     10.3583698      0.0032332      0.0005730
     10.4188499      0.0029693      0.0006468
     10.4793301      0.0030707      0.0009227
     10.5398197      0.0031030      0.0007033
     10.6002998      0.0028759      0.0007512
     10.6607904      0.0031914      0.0018266
     10.7212696      0.0029378      0.0006016
     10.7817497      0.0030597      0.0025414
     10.8422403      0.0032697      0.0008044
     10.9027205      0.0033115      0.0008488
     10.9631996      0.0030603      0.0006555
     11.0236902      0.0033913      0.0007128
     11.0841703      0.0039374      0.0007138
     11.1446505      0.0033573      0.0009173
     11.2051401      0.0026500      0.0006796
     11.2656202      0.0031772      0.0007757
     11.3261099      0.0031073      0.0009603
     11.3865900      0.0034036      0.0006959
     11.4470701      0.0035033      0.0006840
     11.5075598      0.0034225      0.0006766
     11.5680399      0.0030686      0.0009976
     11.6285200      0.0033601      0.0023929
     11.6890097      0.0033307      0.0012688
     11.7494898      0.0030743      0.0009895
     11.8099699      0.0033436      0.0028481
     11.8704596      0.0036438      0.0008485
     11.9309397      0.0034842      0.0020298
     11.9914303      0.0032260      0.0008216
     12.0519104      0.0033301      0.0010547
     12.1123896      0.0030317      0.0007913
     12.1728802      0.0038460      0.0009539
     12.2333603      0.0034867      0.0017044
     12.2938404      0.0036334      0.0020017
     12.3543301      0.0035615      0.0008811
     12.4148102      0.0030938      0.0010632
     12.4752903      0.0027860      0.0007807
     12.5357800      0.0036627      0.0013878
     12.5962601      0.0035900      0.0019485
     12.6567497      0.0035581      0.0010542
     12.7172298      0.0035987      0.0011022
     12.7777100      0.0037531      0.0009610
     12.8381996      0.0035810      0.0010258
     12.8986797      0.0040071      0.0008914
     12.9591599      0.0039294      0.0008840
     13.0196505      0.0030140      0.0010607
     13.0801296      0.0035468      0.0009826
     13.1406097      0.0037134      0.0019407
     13.2011003      0.0036027      0.0012922
     13.2615805      0.0032819      0.0011082
     13.3220596      0.0031542      0.0010681
     13.3825502      0.0036039      0.0018146
     13.4430304      0.0040059      0.0011080
     13.5035200      0.0035988      0.0011960
     13.5640001      0.0038573      0.0012280
     13.6244802      0.0051251      0.0012321
     13.6849699      0.0035405      0.0011900
     13.7454500      0.0036232      0.0026942
     13.8059301      0.0036900      0.0016386
     13.8664198      0.0035167      0.0011404
     13.9268999      0.0042380      0.0012259
     13.9873800      0.0035355      0.0016571
     14.0693502      0.0041034      0.0010390
     14.1540298      0.0038302      0.0009155
     14.2387104      0.0037815      0.0007778
     14.3233805      0.0040077      0.0024380
     14.4080601      0.0041495      0.0008263
     14.4927397      0.0041635      0.0008657
     14.5774097      0.0043366      0.0008257
     14.6620903      0.0044177      0.0008615
     14.7467699      0.0041870      0.0011334
     14.8314505      0.0044404      0.0010095
     14.9161196      0.0032614      0.0011406
     15.0008001      0.0035708      0.0007063
     15.0854797      0.0040770      0.0008230
     15.1701498      0.0041012      0.0008356
     15.2548304      0.0043684      0.0008507
     15.3395100      0.0047334      0.0005631
     15.4241800      0.0041047      0.0007762
     15.5088596      0.0042787      0.0008849
     15.5935402      0.0038614      0.0013109
     15.6782103      0.0036159      0.0005904
     15.7628899      0.0039792      0.0009163
     15.8475704      0.0039372      0.0010728
     15.9322395      0.0043404      0.0008421
     16.0169201      0.0038072      0.0011462
     16.1016006      0.0040168      0.0009227
     16.1862793      0.0040883      0.0008435
     16.2709503      0.0040030      0.0007730
     16.3556309      0.0039440      0.0009540
     16.4403095      0.0037887      0.0008007
     16.5249805      0.0038837      0.0008325
     16.6096592      0.0040839      0.0015944
     16.6943398      0.0042291      0.0008491
     16.7790108      0.0046694      0.0013449
     16.8636894      0.0041698      0.0010904
     16.9483700      0.0040034      0.0010184
     17.0330391      0.0041357      0.0007130
     17.1177197      0.0043993      0.0011395
     17.2024002      0.0045613      0.0011563
     17.2870693      0.0040567      0.0007619
     17.3717499      0.0041867      0.0016643
     17.4564304      0.0040590      0.0014499
     17.5411091      0.0049972      0.0013202
     17.6257801      0.0043816      0.0011452
     17.7104607      0.0045365      0.0010771
     17.7951393      0.0052182      0.0013092
     17.8798103      0.0050541      0.0014061
     17.9644909      0.0049866      0.0017631
     18.0491695      0.0054224      0.0012385
     18.1338406      0.0041939      0.0014531
     18.2185192      0.0041451      0.0015988
     18.3031998      0.0042400      0.0019633
     18.3878708      0.0039605      0.0013130
     18.4725494      0.0038410      0.0016385
     18.5572300      0.0045130      0.0020488
     18.6418991      0.0043548      0.0021597
     18.7265797      0.0042788      0.0015295
     18.8112602      0.0049019      0.0014385
     18.8959408      0.0039906      0.0017624
     18.9806099      0.0031267      0.0013863
     19.0652905      0.0039752      0.0015765
     19.1499691      0.0037822      0.0018589
     19.2346401      0.0040505      0.0014524
     19.3193207      0.0045081      0.0017824
     19.4039993      0.0038653      0.0020876
     19.4886703      0.0044002      0.0017141
     19.5733509      0.0040377      0.0018081
     19.6580296      0.0045047      0.0033322
     19.7427006      0.0037529      0.0024813
     19.8273792      0.0038572      0.0012015
     19.9120598      0.0041922      0.0017315
     19.9120598      0.0044821      0.0012392
     19.9967308      0.0049531      0.0015429
     20.0814095      0.0051326      0.0018424
     20.0814095      0.0043275      0.0014833
     20.1660900      0.0047263      0.0018306
     20.2507706      0.0044383      0.0019563
     20.2507706      0.0045329      0.0013405
     20.3354397      0.0057755      0.0018757
     20.4201202      0.0047443      0.0026316
     20.4201202      0.0045206      0.0011234
     20.5048008      0.0026758      0.0022300
     20.5894699      0.0052971      0.0024754
     20.5894699      0.0042117      0.0010651
     20.7588291      0.0057932      0.0034116
     20.7588291      0.0040476      0.0025134
     20.9281807      0.0039928      0.0026547
     20.9281807      0.0035860      0.0011595
     21.0975304      0.0035850      0.0018610
     21.0975304      0.0043602      0.0015285
     21.2668896      0.0036010      0.0035260
     21.2668896      0.0047992      0.0015874
     21.4362392      0.0034111      0.0030347
     21.4362392      0.0048655      0.0026430
     21.6056004      0.0043228      0.0017111
     21.7749500      0.0049171      0.0021549
     21.9442997      0.0043764      0.0020631
     22.1136608      0.0053508      0.0023949
     22.2830105      0.0054166      0.0016499
     22.4523602      0.0059071      0.0021961
     22.6217194      0.0065341      0.0022850
     22.7910709      0.0050174      0.0024813
     22.9604301      0.0056232      0.0014587
     23.1297798      0.0053893      0.0016370
     23.2991295      0.0062881      0.0015312
     23.4684906      0.0050484      0.0019098
     23.6378403      0.0047111      0.0016341
     23.8071899      0.0055831      0.0014294
     23.9765491      0.0055527      0.0017281
     24.1459007      0.0059101      0.0016527
     24.3152599      0.0065823      0.0016448
     24.4846096      0.0057881      0.0015892
     24.6539593      0.0056133      0.0010535
     24.8233204      0.0066446      0.0011316
     24.9926701      0.0072141      0.0015638
     25.1620197      0.0068849      0.0016674
     25.3313808      0.0068189      0.0019393
     25.5007305      0.0062489      0.0021435
     25.6700897      0.0061347      0.0016884
     25.8394394      0.0050716      0.0014582
     26.0087891      0.0066224      0.0024544
     26.1781502      0.0055498      0.0018310
     26.3474998      0.0066116      0.0036717
     26.5168495      0.0070483      0.0018912
     26.6862106      0.0068881      0.0015623
     26.8555603      0.0065979      0.0035044
     27.0249195      0.0067173      0.0014350
     27.1942692      0.0064914      0.0021639
     27.3636208      0.0071094      0.0015198
     27.5329800      0.0067200      0.0019847
     27.7023296      0.0071068      0.0014266
     27.8716793      0.0066180      0.0015785
     28.0410404      0.0071799      0.0019880
     28.2103901      0.0076360      0.0019803
     28.3797493      0.0075928      0.0019735
     28.5491009      0.0071830      0.0024925
     28.7184505      0.0074614      0.0016859
     28.8878098      0.0078593      0.0022317
     29.0571594      0.0096158      0.0016697
     29.2265091      0.0064376      0.0023172
     29.3958702      0.0085347      0.0022866
     29.5652199      0.0087565      0.0025175
     29.7345791      0.0074647      0.0030003
     29.9039307      0.0060175      0.0024822
     30.0732803      0.0071598      0.0016205
     30.2426395      0.0074458      0.0017767
     30.4119892      0.0067208      0.0025633
     30.5813408      0.0077836      0.0032847
     30.7507000      0.0090835      0.0023245
     30.9200497      0.0088932      0.0023629
     31.0894108      0.0064589      0.0025130
     31.2587605      0.0091734      0.0029076
     31.4281101      0.0077125      0.0024030
     31.5974693      0.0061792      0.0036172
     31.7668209      0.0082369      0.0049117
     31.9361706      0.0086825      0.0074008
     32.1055298      0.0083531      0.0036907
     32.2748795      0.0095429      0.0044886
     32.4442406      0.0085018      0.0034911
     32.6135902      0.0069499      0.0061614
     32.7829399      0.0060500      0.0057218
     32.9523010      0.0068719      0.0045115
     33.1216507      0.0075059      0.0041868
     33.2910004      0.0070373      0.0054422
     33.4603615      0.0068035      0.0054963
     33.6297112      0.0019349      0.0058089
     33.7990685      0.0076430      0.0045029
     33.9684181      0.0089936      0.0057170
     34.1377716      0.0052896      0.0063974
     34.3071289      0.0018867      0.0066328
     34.4764786      0.0044506      0.0094502
     34.6458282      0.0075605      0.0083278
     34.8151894      0.0092198      0.0084195
     34.9845390      0.0102938      0.0056132
     35.1539001      0.0078484      0.0100494
     35.3232498      0.0049156      0.0057459
     35.4925995      0.0092052      0.0097905
     35.6619606      0.0098717      0.0154872
     35.8313103     -0.0005123      0.0136124
     36.0006599      0.0048442      0.0218113
     36.1700211      0.0034943      0.0112897
     36.3393707      0.0062444      0.0100661
     36.5087318      0.0099380      0.0115625
     36.6780815      0.0058874      0.0176128
     36.8474312      0.0074382      0.0205991
     37.0167885      0.0087180      0.0139230
     37.1861382      0.0070826      0.0198054
     37.3554916      0.0068855      0.0174159
