#
      5.2474899      0.0084145      0.0007516
      5.2777300      0.0083155      0.0007597
      5.3079700      0.0079676      0.0008036
      5.3382101      0.0083488      0.0008114
      5.3684602      0.0085915      0.0005807
      5.3987002      0.0081896      0.0005331
      5.4289398      0.0085885      0.0006311
      5.4591799      0.0083145      0.0008078
      5.4894199      0.0084952      0.0014077
      5.5196700      0.0081894      0.0005788
      5.5499101      0.0085025      0.0006818
      5.5801501      0.0082932      0.0004796
      5.6103902      0.0081514      0.0003793
      5.6406298      0.0089301      0.0007047
      5.6708798      0.0083830      0.0005665
      5.7011199      0.0082194      0.0007027
      5.7313600      0.0083363      0.0005369
      5.7616000      0.0084607      0.0006190
      5.7918401      0.0082713      0.0007519
      5.8220901      0.0085467      0.0011338
      5.8523302      0.0086840      0.0007414
      5.8825698      0.0086373      0.0005961
      5.9128098      0.0088399      0.0006547
      5.9430499      0.0088704      0.0009532
      5.9733000      0.0086979      0.0009607
      6.0035400      0.0090086      0.0007885
      6.0337801      0.0090720      0.0008402
      6.0640202      0.0087017      0.0007618
      6.0942602      0.0085391      0.0015030
      6.1245098      0.0085597      0.0008625
      6.1547499      0.0089768      0.0013973
      6.1849899      0.0089032      0.0007778
      6.2152300      0.0086888      0.0005574
      6.2454700      0.0090420      0.0005235
      6.2757201      0.0092960      0.0007144
      6.3059602      0.0092888      0.0007735
      6.3362002      0.0090972      0.0006537
      6.3664398      0.0090243      0.0006521
      6.3966799      0.0089034      0.0006305
      6.4269300      0.0089417      0.0005683
      6.4571700      0.0089046      0.0006944
      6.4874101      0.0085343      0.0011439
      6.5176501      0.0084066      0.0006640
      6.5478902      0.0088611      0.0010145
      6.5781398      0.0090970      0.0008805
      6.6083798      0.0090717      0.0012124
      6.6386199      0.0092525      0.0008840
      6.6688600      0.0091135      0.0006430
      6.6991000      0.0093122      0.0008809
      6.7293501      0.0089779      0.0009411
      6.7595901      0.0095072      0.0011656
      6.7898302      0.0091608      0.0007399
      6.8200698      0.0089100      0.0007795
      6.8503098      0.0087318      0.0007465
      6.8805599      0.0088838      0.0009577
      6.9108000      0.0087609      0.0007813
      6.9410400      0.0088520      0.0009463
      6.9712801      0.0091263      0.0008982
      7.0015202      0.0088774      0.0010817
      7.0317702      0.0086813      0.0006893
      7.0620098      0.0089052      0.0008223
      7.0922499      0.0087728      0.0008884
      7.1224899      0.0091137      0.0010107
      7.1527300      0.0092676      0.0009756
      7.1829801      0.0089934      0.0014471
      7.2132201      0.0095357      0.0009657
      7.2434602      0.0089296      0.0025238
      7.2737002      0.0088796      0.0008138
      7.3039398      0.0091948      0.0009574
      7.3341899      0.0096475      0.0010338
      7.3644300      0.0089859      0.0010684
      7.3946700      0.0090804      0.0009924
      7.4249101      0.0095838      0.0015381
      7.4551501      0.0096931      0.0013423
      7.4551501      0.0094662      0.0006151
      7.4854002      0.0089722      0.0015510
      7.5156398      0.0091886      0.0007704
      7.5761199      0.0093884      0.0005665
      7.5761199      0.0097946      0.0006658
      7.6366000      0.0094213      0.0007042
      7.6366000      0.0095677      0.0009557
      7.6970901      0.0095401      0.0006387
      7.6970901      0.0095714      0.0014730
      7.7575698      0.0093939      0.0005341
      7.7575698      0.0093708      0.0005576
      7.8180499      0.0094928      0.0004946
      7.8180499      0.0092486      0.0006747
      7.8785400      0.0097803      0.0005736
      7.8785400      0.0096863      0.0016126
      7.9390202      0.0105145      0.0007377
      7.9390202      0.0104533      0.0004980
      7.9995098      0.0102355      0.0006575
      7.9995098      0.0104178      0.0006640
      8.0599899      0.0099525      0.0006528
      8.0599899      0.0100137      0.0004615
      8.1204700      0.0105064      0.0004599
      8.1204700      0.0102169      0.0005199
      8.1809597      0.0106150      0.0006711
      8.1809597      0.0102718      0.0005828
      8.2414398      0.0097490      0.0005793
      8.2414398      0.0096598      0.0008160
      8.3019199      0.0099930      0.0005253
      8.3019199      0.0096690      0.0009054
      8.3624096      0.0100733      0.0005396
      8.3624096      0.0094964      0.0005829
      8.4228897      0.0101359      0.0006414
      8.4228897      0.0098240      0.0008219
      8.4833698      0.0097230      0.0006540
      8.4833698      0.0081607      0.0030063
      8.5438604      0.0100603      0.0004617
      8.6043396      0.0102034      0.0005081
      8.6648302      0.0100615      0.0004844
      8.7253103      0.0099605      0.0006491
      8.7857904      0.0100895      0.0011568
      8.8462801      0.0100711      0.0007299
      8.9067602      0.0100715      0.0006951
      8.9672403      0.0102039      0.0006378
      9.0277300      0.0102722      0.0005835
      9.0882101      0.0103740      0.0012819
      9.1486902      0.0103258      0.0005146
      9.2091799      0.0106132      0.0005976
      9.2696600      0.0106741      0.0004764
      9.3301497      0.0106546      0.0005075
      9.3906298      0.0107656      0.0006134
      9.4511099      0.0110055      0.0007466
      9.5115995      0.0109201      0.0004865
      9.5720797      0.0111886      0.0005173
      9.6325598      0.0108730      0.0005807
      9.6930504      0.0108564      0.0005901
      9.7535295      0.0113588      0.0013022
      9.8140097      0.0117122      0.0006996
      9.8745003      0.0117132      0.0006764
      9.9349804      0.0116798      0.0004893
      9.9954700      0.0119782      0.0005740
     10.0559502      0.0120569      0.0006557
     10.1164303      0.0126015      0.0004907
     10.1769199      0.0126673      0.0005158
     10.2374001      0.0127567      0.0005900
     10.2978802      0.0131370      0.0005277
     10.3583698      0.0130936      0.0008242
     10.4188499      0.0131555      0.0007491
     10.4793301      0.0132916      0.0005772
     10.5398197      0.0134838      0.0005318
     10.6002998      0.0137481      0.0005501
     10.6607904      0.0136324      0.0006096
     10.7212696      0.0138095      0.0007514
     10.7817497      0.0140655      0.0007740
     10.8422403      0.0141130      0.0006765
     10.9027205      0.0143847      0.0005865
     10.9631996      0.0143522      0.0007268
     11.0236902      0.0144596      0.0008961
     11.0841703      0.0146611      0.0007347
     11.1446505      0.0148233      0.0006312
     11.2051401      0.0150470      0.0008932
     11.2656202      0.0147099      0.0008753
     11.3261099      0.0148506      0.0006371
     11.3865900      0.0151097      0.0008343
     11.4470701      0.0146524      0.0010913
     11.5075598      0.0143312      0.0006535
     11.5680399      0.0146416      0.0009073
     11.6285200      0.0146221      0.0012125
     11.6890097      0.0146803      0.0007209
     11.7494898      0.0145682      0.0007109
     11.8099699      0.0144641      0.0006683
     11.8704596      0.0141253      0.0006325
     11.9309397      0.0145873      0.0007880
     11.9914303      0.0149136      0.0006904
     12.0519104      0.0145730      0.0010899
     12.1123896      0.0146383      0.0007367
     12.1728802      0.0151051      0.0008011
     12.2333603      0.0144169      0.0009916
     12.2938404      0.0144903      0.0015359
     12.3543301      0.0145149      0.0014954
     12.4148102      0.0143471      0.0007753
     12.4752903      0.0143417      0.0007474
     12.5357800      0.0143612      0.0008876
     12.5962601      0.0143116      0.0009098
     12.6567497      0.0140297      0.0007728
     12.7172298      0.0143421      0.0008203
     12.7777100      0.0146010      0.0009283
     12.8381996      0.0146474      0.0009553
     12.8986797      0.0143438      0.0009144
     12.9591599      0.0143190      0.0013036
     13.0196505      0.0142646      0.0013250
     13.0801296      0.0142124      0.0012081
     13.1406097      0.0139934      0.0011285
     13.2011003      0.0143678      0.0016657
     13.2615805      0.0146912      0.0009653
     13.3220596      0.0143987      0.0011302
     13.3825502      0.0138029      0.0009677
     13.4430304      0.0138322      0.0009710
     13.5035200      0.0142367      0.0023741
     13.5640001      0.0146274      0.0012197
     13.6244802      0.0165758      0.0010620
     13.6849699      0.0155804      0.0010785
     13.7454500      0.0139819      0.0010056
     13.8059301      0.0142748      0.0010052
     13.8664198      0.0134847      0.0012197
     13.9268999      0.0138796      0.0013251
     13.9873800      0.0146176      0.0015005
     14.0693502      0.0143776      0.0013145
     14.1540298      0.0137507      0.0015483
     14.2387104      0.0146873      0.0010974
     14.3233805      0.0152897      0.0011196
     14.4080601      0.0145699      0.0026404
     14.4927397      0.0142619      0.0010976
     14.5774097      0.0145675      0.0026537
     14.6620903      0.0149034      0.0019361
     14.7467699      0.0150365      0.0012311
     14.8314505      0.0143864      0.0010534
     14.9161196      0.0153281      0.0024421
     15.0008001      0.0154358      0.0009513
     15.0854797      0.0162205      0.0019763
     15.1701498      0.0167290      0.0016910
     15.2548304      0.0176962      0.0010530
     15.3395100      0.0170010      0.0013705
     15.4241800      0.0173870      0.0012016
     15.5088596      0.0174540      0.0013714
     15.5935402      0.0171468      0.0008007
     15.6782103      0.0179839      0.0008205
     15.7628899      0.0176823      0.0015845
     15.8475704      0.0175050      0.0009976
     15.9322395      0.0181849      0.0011479
     16.0169201      0.0172132      0.0012880
     16.1016006      0.0184414      0.0014100
     16.1862793      0.0191959      0.0017643
     16.2709503      0.0202572      0.0015067
     16.3556309      0.0195366      0.0013904
     16.4403095      0.0206741      0.0015796
     16.5249805      0.0233868      0.0015489
     16.6096592      0.0225003      0.0018458
     16.6943398      0.0195406      0.0012486
     16.7790108      0.0190981      0.0017426
     16.8636894      0.0204955      0.0023230
     16.9483700      0.0210912      0.0019782
     17.0330391      0.0204146      0.0015142
     17.1177197      0.0202232      0.0016071
     17.2024002      0.0212031      0.0018338
     17.2870693      0.0213239      0.0030419
     17.3717499      0.0200106      0.0019422
     17.4564304      0.0214634      0.0018196
     17.5411091      0.0219549      0.0017184
     17.6257801      0.0211752      0.0014816
     17.7104607      0.0224001      0.0019175
     17.7951393      0.0229130      0.0019516
     17.8798103      0.0214927      0.0017304
     17.9644909      0.0220056      0.0022693
     18.0491695      0.0227025      0.0018840
     18.1338406      0.0225071      0.0033288
     18.2185192      0.0226473      0.0024845
     18.3031998      0.0212197      0.0026003
     18.3878708      0.0213861      0.0023191
     18.4725494      0.0234857      0.0020473
     18.5572300      0.0228201      0.0016676
     18.6418991      0.0219204      0.0020796
     18.7265797      0.0235185      0.0014245
     18.8112602      0.0233060      0.0029768
     18.8959408      0.0233066      0.0025223
     18.9806099      0.0227643      0.0022379
     19.0652905      0.0219475      0.0013161
     19.1499691      0.0235093      0.0023217
     19.2346401      0.0208152      0.0022972
     19.3193207      0.0231226      0.0053665
     19.4039993      0.0233978      0.0029448
     19.4886703      0.0216399      0.0028621
     19.5733509      0.0221945      0.0027552
     19.6580296      0.0233205      0.0019899
     19.7427006      0.0217213      0.0029923
     19.8273792      0.0233192      0.0018098
     19.9120598      0.0226863      0.0025146
     19.9120598      0.0229660      0.0016907
     19.9967308      0.0226610      0.0028755
     20.0814095      0.0219108      0.0029051
     20.0814095      0.0229652      0.0017779
     20.1660900      0.0231998      0.0034352
     20.2507706      0.0232840      0.0023800
     20.2507706      0.0223553      0.0021797
     20.3354397      0.0204954      0.0024412
     20.4201202      0.0220976      0.0033070
     20.4201202      0.0208562      0.0022437
     20.5048008      0.0204602      0.0036786
     20.5894699      0.0212650      0.0021814
     20.5894699      0.0209777      0.0011029
     20.7588291      0.0202386      0.0036720
     20.7588291      0.0211417      0.0011536
     20.9281807      0.0214371      0.0023129
     20.9281807      0.0201345      0.0013030
     21.0975304      0.0199310      0.0023648
     21.0975304      0.0207239      0.0016899
     21.2668896      0.0190191      0.0028584
     21.2668896      0.0204102      0.0013598
     21.4362392      0.0203267      0.0020104
     21.4362392      0.0198006      0.0026708
     21.6056004      0.0200660      0.0020205
     21.7749500      0.0202891      0.0025070
     21.9442997      0.0203163      0.0024336
     22.1136608      0.0192868      0.0021685
     22.2830105      0.0191173      0.0023052
     22.4523602      0.0187959      0.0035631
     22.6217194      0.0177357      0.0020732
     22.7910709      0.0168204      0.0025796
     22.9604301      0.0170298      0.0031804
     23.1297798      0.0154798      0.0015548
     23.2991295      0.0170865      0.0030556
     23.4684906      0.0158635      0.0025703
     23.6378403      0.0157950      0.0018796
     23.8071899      0.0161433      0.0016039
     23.9765491      0.0167383      0.0030923
     24.1459007      0.0154806      0.0028009
     24.3152599      0.0152099      0.0025239
     24.4846096      0.0160159      0.0017512
     24.6539593      0.0148871      0.0023694
     24.8233204      0.0148058      0.0029000
     24.9926701      0.0162078      0.0021959
     25.1620197      0.0165137      0.0014892
     25.3313808      0.0135321      0.0042187
     25.5007305      0.0154771      0.0024734
     25.6700897      0.0164332      0.0020454
     25.8394394      0.0170938      0.0014574
     26.0087891      0.0158917      0.0033364
     26.1781502      0.0154597      0.0035167
     26.3474998      0.0152644      0.0039149
     26.5168495      0.0134629      0.0019927
     26.6862106      0.0132970      0.0028350
     26.8555603      0.0134043      0.0025420
     27.0249195      0.0143160      0.0020118
     27.1942692      0.0133716      0.0031450
     27.3636208      0.0129224      0.0015703
     27.5329800      0.0166270      0.0025626
     27.7023296      0.0170289      0.0021094
     27.8716793      0.0140796      0.0020713
     28.0410404      0.0141114      0.0020102
     28.2103901      0.0154606      0.0021881
     28.3797493      0.0141741      0.0061244
     28.5491009      0.0138299      0.0033019
     28.7184505      0.0135504      0.0034887
     28.8878098      0.0135595      0.0019209
     29.0571594      0.0131368      0.0024056
     29.2265091      0.0119056      0.0024760
     29.3958702      0.0139801      0.0035160
     29.5652199      0.0132919      0.0024930
     29.7345791      0.0132194      0.0030835
     29.9039307      0.0123357      0.0032548
     30.0732803      0.0120844      0.0021421
     30.2426395      0.0125542      0.0043194
     30.4119892      0.0125616      0.0087923
     30.5813408      0.0120752      0.0034288
     30.7507000      0.0112269      0.0026892
     30.9200497      0.0125672      0.0023639
     31.0894108      0.0135880      0.0039877
     31.2587605      0.0133225      0.0026005
     31.4281101      0.0112620      0.0027938
     31.5974693      0.0148660      0.0047631
     31.7668209      0.0125108      0.0033489
     31.9361706      0.0147287      0.0029921
     32.1055298      0.0151781      0.0033553
     32.2748795      0.0134527      0.0044891
     32.4442406      0.0143465      0.0033126
     32.6135902      0.0149344      0.0040646
     32.7829399      0.0135094      0.0046643
     32.9523010      0.0130857      0.0041337
     33.1216507      0.0145314      0.0075959
     33.2910004      0.0144376      0.0044932
     33.4603615      0.0140386      0.0049435
     33.6297112      0.0142299      0.0054795
     33.7990685      0.0098182      0.0052204
     33.9684181      0.0155947      0.0050402
     34.1377716      0.0154751      0.0050428
     34.3071289      0.0142423      0.0045986
     34.4764786      0.0130545      0.0058889
     34.6458282      0.0152349      0.0047637
     34.8151894      0.0157722      0.0060101
     34.9845390      0.0085397      0.0071363
     35.1539001      0.0078653      0.0064179
     35.3232498      0.0151109      0.0075732
     35.4925995      0.0128753      0.0070874
     35.6619606      0.0145188      0.0069612
     35.8313103      0.0094873      0.0106319
     36.0006599      0.0141333      0.0250946
     36.1700211      0.0148497      0.0067918
     36.3393707      0.0101178      0.0104912
     36.5087318      0.0125859      0.0251768
     36.6780815      0.0137760      0.0076447
     36.8474312      0.0134985      0.0089363
     37.0167885      0.0163710      0.0125890
     37.1861382      0.0209555      0.0098173
     37.3554916      0.0116296      0.0115062
