#
      5.2474899      0.0286594      0.0019470
      5.2777300      0.0292885      0.0020960
      5.3079700      0.0292613      0.0021014
      5.3382101      0.0309659      0.0017013
      5.3684602      0.0303267      0.0020203
      5.3987002      0.0305775      0.0031814
      5.4289398      0.0307034      0.0019742
      5.4591799      0.0310327      0.0019991
      5.4894199      0.0313666      0.0023647
      5.5196700      0.0309211      0.0018142
      5.5499101      0.0317610      0.0023658
      5.5801501      0.0324205      0.0020911
      5.6103902      0.0325742      0.0020225
      5.6406298      0.0331092      0.0020160
      5.6708798      0.0341724      0.0016789
      5.7011199      0.0351829      0.0020520
      5.7313600      0.0351106      0.0020390
      5.7616000      0.0352560      0.0019050
      5.7918401      0.0346345      0.0017827
      5.8220901      0.0350973      0.0018781
      5.8523302      0.0353994      0.0034982
      5.8825698      0.0359470      0.0025407
      5.9128098      0.0361885      0.0021235
      5.9430499      0.0354492      0.0017453
      5.9733000      0.0366422      0.0017059
      6.0035400      0.0372427      0.0018509
      6.0337801      0.0377821      0.0025993
      6.0640202      0.0361827      0.0026482
      6.0942602      0.0361256      0.0018952
      6.1245098      0.0379142      0.0020074
      6.1547499      0.0377358      0.0019747
      6.1849899      0.0386368      0.0035477
      6.2152300      0.0390478      0.0021916
      6.2454700      0.0383959      0.0019783
      6.2757201      0.0386974      0.0020583
      6.3059602      0.0403926      0.0023895
      6.3362002      0.0403435      0.0036343
      6.3664398      0.0405351      0.0021888
      6.3966799      0.0403448      0.0022303
      6.4269300      0.0418173      0.0019787
      6.4571700      0.0421046      0.0037065
      6.4874101      0.0422770      0.0033038
      6.5176501      0.0440705      0.0021269
      6.5478902      0.0442880      0.0020234
      6.5781398      0.0426538      0.0022724
      6.6083798      0.0432429      0.0019285
      6.6386199      0.0431148      0.0016421
      6.6688600      0.0444273      0.0018036
      6.6991000      0.0445488      0.0017824
      6.7293501      0.0444219      0.0026373
      6.7595901      0.0443325      0.0017944
      6.7898302      0.0442021      0.0020472
      6.8200698      0.0453135      0.0023401
      6.8503098      0.0451691      0.0046260
      6.8805599      0.0446053      0.0021864
      6.9108000      0.0462493      0.0028860
      6.9410400      0.0470371      0.0026138
      6.9712801      0.0471627      0.0026757
      7.0015202      0.0451649      0.0030574
      7.0317702      0.0474234      0.0057199
      7.0620098      0.0479261      0.0049518
      7.0922499      0.0475275      0.0025333
      7.1224899      0.0497435      0.0027572
      7.1527300      0.0495483      0.0025705
      7.1829801      0.0503071      0.0041559
      7.2132201      0.0521607      0.0026544
      7.2434602      0.0517265      0.0024839
      7.2737002      0.0508639      0.0027027
      7.3039398      0.0518645      0.0025212
      7.3341899      0.0525360      0.0033629
      7.3644300      0.0521213      0.0028905
      7.3946700      0.0525768      0.0038902
      7.4249101      0.0524378      0.0029139
      7.4551501      0.0533987      0.0068772
      7.4551501      0.0517493      0.0027679
      7.4854002      0.0539787      0.0033203
      7.5156398      0.0514623      0.0018247
      7.5761199      0.0555079      0.0036630
      7.5761199      0.0524222      0.0019930
      7.6366000      0.0542437      0.0019080
      7.6366000      0.0523615      0.0023126
      7.6970901      0.0548667      0.0019114
      7.6970901      0.0537695      0.0020087
      7.7575698      0.0575900      0.0067139
      7.7575698      0.0553107      0.0021527
      7.8180499      0.0600970      0.0024004
      7.8180499      0.0577865      0.0023612
      7.8785400      0.0616257      0.0022620
      7.8785400      0.0587469      0.0023673
      7.9390202      0.0620403      0.0018072
      7.9390202      0.0583939      0.0022337
      7.9995098      0.0640107      0.0019368
      7.9995098      0.0648641      0.0025013
      8.0599899      0.0664831      0.0027103
      8.0599899      0.0655754      0.0024618
      8.1204700      0.0642451      0.0020378
      8.1204700      0.0628428      0.0018451
      8.1809597      0.0640973      0.0018163
      8.1809597      0.0650196      0.0022345
      8.2414398      0.0657434      0.0017651
      8.2414398      0.0645856      0.0022130
      8.3019199      0.0649526      0.0021620
      8.3019199      0.0644226      0.0024701
      8.3624096      0.0651375      0.0028345
      8.3624096      0.0646807      0.0018648
      8.4228897      0.0647227      0.0016355
      8.4228897      0.0665903      0.0023436
      8.4833698      0.0651608      0.0013655
      8.4833698      0.0554660      0.0230992
      8.5438604      0.0647755      0.0019056
      8.6043396      0.0654565      0.0014991
      8.6648302      0.0658708      0.0023404
      8.7253103      0.0660928      0.0019930
      8.7857904      0.0662827      0.0014188
      8.8462801      0.0678680      0.0013261
      8.9067602      0.0685122      0.0038908
      8.9672403      0.0697494      0.0015360
      9.0277300      0.0708531      0.0017633
      9.0882101      0.0718307      0.0014771
      9.1486902      0.0713696      0.0015217
      9.2091799      0.0716796      0.0014236
      9.2696600      0.0721142      0.0018119
      9.3301497      0.0719396      0.0019170
      9.3906298      0.0746946      0.0017519
      9.4511099      0.0761326      0.0018913
      9.5115995      0.0761378      0.0031001
      9.5720797      0.0761159      0.0018828
      9.6325598      0.0764427      0.0016324
      9.6930504      0.0785150      0.0016527
      9.7535295      0.0808535      0.0020703
      9.8140097      0.0806222      0.0015208
      9.8745003      0.0817666      0.0014579
      9.9349804      0.0832647      0.0025853
      9.9954700      0.0844954      0.0019180
     10.0559502      0.0859748      0.0018685
     10.1164303      0.0869108      0.0032043
     10.1769199      0.0878834      0.0015363
     10.2374001      0.0891376      0.0052733
     10.2978802      0.0897489      0.0054690
     10.3583698      0.0911707      0.0022313
     10.4188499      0.0910303      0.0017137
     10.4793301      0.0924200      0.0019005
     10.5398197      0.0937978      0.0018127
     10.6002998      0.0939692      0.0016965
     10.6607904      0.0943741      0.0023639
     10.7212696      0.0960779      0.0016922
     10.7817497      0.0962946      0.0024183
     10.8422403      0.0966063      0.0033117
     10.9027205      0.0982936      0.0033931
     10.9631996      0.0994413      0.0035271
     11.0236902      0.1073103      0.0019563
     11.0841703      0.1057145      0.0028529
     11.1446505      0.1000113      0.0019632
     11.2051401      0.1019057      0.0023489
     11.2656202      0.1016695      0.0033085
     11.3261099      0.1028498      0.0024473
     11.3865900      0.1026088      0.0025499
     11.4470701      0.1030215      0.0050097
     11.5075598      0.1060667      0.0037038
     11.5680399      0.1068464      0.0029264
     11.6285200      0.1073990      0.0031185
     11.6890097      0.1106671      0.0027137
     11.7494898      0.1140043      0.0025839
     11.8099699      0.1160322      0.0029672
     11.8704596      0.1143106      0.0028810
     11.9309397      0.1142448      0.0020431
     11.9914303      0.1136225      0.0030510
     12.0519104      0.1116920      0.0028437
     12.1123896      0.1127448      0.0025331
     12.1728802      0.1137599      0.0029695
     12.2333603      0.1123943      0.0028452
     12.2938404      0.1121789      0.0023749
     12.3543301      0.1121110      0.0021619
     12.4148102      0.1134220      0.0029254
     12.4752903      0.1147358      0.0035244
     12.5357800      0.1149311      0.0025321
     12.5962601      0.1156442      0.0031289
     12.6567497      0.1158981      0.0023668
     12.7172298      0.1160879      0.0031007
     12.7777100      0.1171583      0.0030684
     12.8381996      0.1176658      0.0030770
     12.8986797      0.1181593      0.0037023
     12.9591599      0.1184791      0.0033892
     13.0196505      0.1189760      0.0031027
     13.0801296      0.1203175      0.0060012
     13.1406097      0.1206693      0.0034851
     13.2011003      0.1224512      0.0034062
     13.2615805      0.1229739      0.0034253
     13.3220596      0.1231659      0.0066826
     13.3825502      0.1242758      0.0042778
     13.4430304      0.1284122      0.0035836
     13.5035200      0.1257763      0.0035723
     13.5640001      0.1230004      0.0035658
     13.6244802      0.1229004      0.0038095
     13.6849699      0.1253467      0.0030505
     13.7454500      0.1251851      0.0035764
     13.8059301      0.1252000      0.0038415
     13.8664198      0.1265667      0.0038361
     13.9268999      0.1268109      0.0048301
     13.9873800      0.1249849      0.0055179
     14.0693502      0.1219145      0.0053984
     14.1540298      0.1298668      0.0035723
     14.2387104      0.1333310      0.0034806
     14.3233805      0.1344523      0.0034324
     14.4080601      0.1348088      0.0033423
     14.4927397      0.1341485      0.0025202
     14.5774097      0.1361293      0.0038355
     14.6620903      0.1387671      0.0045233
     14.7467699      0.1386565      0.0037810
     14.8314505      0.1401041      0.0022791
     14.9161196      0.1409725      0.0037927
     15.0008001      0.1456508      0.0025916
     15.0854797      0.1538091      0.0054466
     15.1701498      0.1475901      0.0052529
     15.2548304      0.1444271      0.0063302
     15.3395100      0.1456508      0.0063392
     15.4241800      0.1469283      0.0027677
     15.5088596      0.1491825      0.0031203
     15.5935402      0.1514572      0.0055898
     15.6782103      0.1497028      0.0055160
     15.7628899      0.1547507      0.0053490
     15.8475704      0.1587199      0.0033209
     15.9322395      0.1559305      0.0068521
     16.0169201      0.1579163      0.0041798
     16.1016006      0.1554328      0.0072224
     16.1862793      0.1567816      0.0030647
     16.2709503      0.1634526      0.0043369
     16.3556309      0.1739100      0.0053760
     16.4403095      0.1646017      0.0057138
     16.5249805      0.1623306      0.0033236
     16.6096592      0.1636421      0.0045065
     16.6943398      0.1670627      0.0052463
     16.7790108      0.1687705      0.0047833
     16.8636894      0.1681748      0.0051723
     16.9483700      0.1687073      0.0098305
     17.0330391      0.1671270      0.0050637
     17.1177197      0.1733604      0.0034019
     17.2024002      0.1753478      0.0037749
     17.2870693      0.1765129      0.0101063
     17.3717499      0.1769918      0.0082928
     17.4564304      0.1772120      0.0044202
     17.5411091      0.1774512      0.0048795
     17.6257801      0.1819838      0.0047077
     17.7104607      0.1845127      0.0071001
     17.7951393      0.1845196      0.0132340
     17.8798103      0.1857385      0.0054178
     17.9644909      0.1866126      0.0050922
     18.0491695      0.1843521      0.0048989
     18.1338406      0.1859082      0.0051617
     18.2185192      0.1896550      0.0170258
     18.3031998      0.1887595      0.0070112
     18.3878708      0.1927647      0.0046394
     18.4725494      0.1921813      0.0049437
     18.5572300      0.1935410      0.0104814
     18.6418991      0.1958571      0.0052380
     18.7265797      0.1946532      0.0108035
     18.8112602      0.1952954      0.0198723
     18.8959408      0.1969669      0.0078370
     18.9806099      0.1996497      0.0045110
     19.0652905      0.1999987      0.0057849
     19.1499691      0.2010711      0.0060740
     19.2346401      0.2022877      0.0047905
     19.3193207      0.2014523      0.0053513
     19.4039993      0.1962557      0.0038308
     19.4886703      0.1980581      0.0088738
     19.5733509      0.2015761      0.0061916
     19.6580296      0.2136486      0.0051600
     19.7427006      0.2025604      0.0105140
     19.8273792      0.2027978      0.0118704
     19.9120598      0.2008849      0.0058517
     19.9120598      0.1959633      0.0045133
     19.9967308      0.2010746      0.0053780
     20.0814095      0.2055205      0.0186808
     20.0814095      0.2000249      0.0047699
     20.1660900      0.2058083      0.0071088
     20.2507706      0.2064020      0.0062866
     20.2507706      0.2030117      0.0048565
     20.3354397      0.2056681      0.0080300
     20.4201202      0.2083591      0.0051009
     20.4201202      0.2030107      0.0059622
     20.5048008      0.2107581      0.0052760
     20.5894699      0.2007165      0.0161877
     20.5894699      0.2079969      0.0048127
     20.7588291      0.2182317      0.0041268
     20.7588291      0.2102662      0.0051837
     20.9281807      0.2057133      0.0047716
     20.9281807      0.2060411      0.0061445
     21.0975304      0.2124016      0.0095789
     21.0975304      0.2085044      0.0039837
     21.2668896      0.2168348      0.0231913
     21.2668896      0.2176199      0.0172736
     21.4362392      0.2134295      0.0111532
     21.4362392      0.2354459      0.0046693
     21.6056004      0.2114533      0.0085580
     21.7749500      0.2187836      0.0059721
     21.9442997      0.2197332      0.0157022
     22.1136608      0.2149214      0.0118279
     22.2830105      0.2208415      0.0170302
     22.4523602      0.2235665      0.0072445
     22.6217194      0.2199906      0.0069578
     22.7910709      0.2227952      0.0065119
     22.9604301      0.2261160      0.0030354
     23.1297798      0.2259640      0.0043694
     23.2991295      0.2226059      0.0063650
     23.4684906      0.2225388      0.0059566
     23.6378403      0.2249342      0.0033808
     23.8071899      0.2271091      0.0051742
     23.9765491      0.2281555      0.0043730
     24.1459007      0.2275442      0.0038866
     24.3152599      0.2315141      0.0038552
     24.4846096      0.2366856      0.0047549
     24.6539593      0.2324819      0.0064979
     24.8233204      0.2346212      0.0038170
     24.9926701      0.2394456      0.0041331
     25.1620197      0.2399104      0.0066140
     25.3313808      0.2383241      0.0121623
     25.5007305      0.2428531      0.0035535
     25.6700897      0.2447780      0.0090202
     25.8394394      0.2413389      0.0063476
     26.0087891      0.2417264      0.0070694
     26.1781502      0.2417396      0.0140666
     26.3474998      0.2422973      0.0152697
     26.5168495      0.2346070      0.0052386
     26.6862106      0.2377196      0.0031026
     26.8555603      0.2367377      0.0046287
     27.0249195      0.2537308      0.0163522
     27.1942692      0.2733116      0.0109177
     27.3636208      0.2632427      0.0139289
     27.5329800      0.2487006      0.0077045
     27.7023296      0.2476562      0.0090099
     27.8716793      0.2498038      0.0053322
     28.0410404      0.2428557      0.0070694
     28.2103901      0.2487978      0.0068302
     28.3797493      0.2532828      0.0092770
     28.5491009      0.2527027      0.0109619
     28.7184505      0.2542764      0.0130580
     28.8878098      0.2566402      0.0075620
     29.0571594      0.2615606      0.0056651
     29.2265091      0.2590675      0.0077246
     29.3958702      0.2572820      0.0133569
     29.5652199      0.2572941      0.0097028
     29.7345791      0.2574636      0.0084354
     29.9039307      0.2586178      0.0079856
     30.0732803      0.2599770      0.0060552
     30.2426395      0.2615446      0.0085622
     30.4119892      0.2635626      0.0089556
     30.5813408      0.2631492      0.0051774
     30.7507000      0.2645081      0.0076058
     30.9200497      0.2670574      0.0110847
     31.0894108      0.2723061      0.0065220
     31.2587605      0.2659984      0.0187378
     31.4281101      0.2663351      0.0107892
     31.5974693      0.2699656      0.0120246
     31.7668209      0.2634597      0.0069481
     31.9361706      0.2666779      0.0100618
     32.1055298      0.2675133      0.0058031
     32.2748795      0.2661102      0.0075658
     32.4442406      0.2741002      0.0076018
     32.6135902      0.2794028      0.0062481
     32.7829399      0.2749692      0.0137479
     32.9523010      0.2777632      0.0192020
     33.1216507      0.2796897      0.0139780
     33.2910004      0.2799975      0.0171674
     33.4603615      0.2860617      0.0110914
     33.6297112      0.2775243      0.0111522
     33.7990685      0.2849072      0.0171519
     33.9684181      0.2888085      0.0105735
     34.1377716      0.2857051      0.0133499
     34.3071289      0.2852986      0.0095646
     34.4764786      0.2857244      0.0120263
     34.6458282      0.2887354      0.0106108
     34.8151894      0.2898834      0.0224168
     34.9845390      0.2984692      0.0183351
     35.1539001      0.2974231      0.0203109
     35.3232498      0.2961955      0.0244757
     35.4925995      0.2988462      0.0129974
     35.6619606      0.3026185      0.0217908
     35.8313103      0.2984098      0.0164540
     36.0006599      0.2896882      0.0152635
     36.1700211      0.2903959      0.0147002
     36.3393707      0.2946067      0.0147726
     36.5087318      0.2929637      0.0469997
     36.6780815      0.3076295      0.0226295
     36.8474312      0.2956671      0.0152892
     37.0167885      0.2911307      0.0170675
     37.1861382      0.3081036      0.0334477
     37.3554916      0.2772174      0.0238395
