#
      5.2474899      0.0127310      0.0014765
      5.2777300      0.0130604      0.0009339
      5.3079700      0.0127922      0.0012081
      5.3382101      0.0131624      0.0014770
      5.3684602      0.0133585      0.0007448
      5.3987002      0.0137251      0.0007339
      5.4289398      0.0134553      0.0007496
      5.4591799      0.0129545      0.0006032
      5.4894199      0.0132530      0.0007524
      5.5196700      0.0134494      0.0006272
      5.5499101      0.0132674      0.0004996
      5.5801501      0.0133778      0.0005745
      5.6103902      0.0136516      0.0007982
      5.6406298      0.0136448      0.0004832
      5.6708798      0.0139579      0.0005619
      5.7011199      0.0138825      0.0005039
      5.7313600      0.0139166      0.0006470
      5.7616000      0.0142012      0.0005984
      5.7918401      0.0142495      0.0005898
      5.8220901      0.0143149      0.0006328
      5.8523302      0.0143031      0.0006592
      5.8825698      0.0142288      0.0009274
      5.9128098      0.0143560      0.0007654
      5.9430499      0.0139755      0.0008169
      5.9733000      0.0141343      0.0006131
      6.0035400      0.0143906      0.0006878
      6.0337801      0.0147908      0.0006148
      6.0640202      0.0149574      0.0006859
      6.0942602      0.0147163      0.0007434
      6.1245098      0.0150611      0.0007227
      6.1547499      0.0147757      0.0007189
      6.1849899      0.0149743      0.0008294
      6.2152300      0.0149944      0.0006926
      6.2454700      0.0150667      0.0008198
      6.2757201      0.0148483      0.0007464
      6.3059602      0.0151576      0.0009465
      6.3362002      0.0151584      0.0008986
      6.3664398      0.0152310      0.0007909
      6.3966799      0.0151742      0.0008988
      6.4269300      0.0148195      0.0008180
      6.4571700      0.0155023      0.0007089
      6.4874101      0.0146508      0.0007009
      6.5176501      0.0152986      0.0010033
      6.5478902      0.0161315      0.0008318
      6.5781398      0.0151280      0.0008704
      6.6083798      0.0153615      0.0015411
      6.6386199      0.0152375      0.0007448
      6.6688600      0.0152129      0.0007546
      6.6991000      0.0157532      0.0011368
      6.7293501      0.0156519      0.0012054
      6.7595901      0.0159856      0.0012108
      6.7898302      0.0154877      0.0009272
      6.8200698      0.0159713      0.0010612
      6.8503098      0.0150104      0.0009866
      6.8805599      0.0162091      0.0011772
      6.9108000      0.0159286      0.0009281
      6.9410400      0.0163356      0.0010737
      6.9712801      0.0162833      0.0018519
      7.0015202      0.0162418      0.0011399
      7.0317702      0.0161082      0.0008941
      7.0620098      0.0163899      0.0013938
      7.0922499      0.0164010      0.0013554
      7.1224899      0.0168063      0.0007953
      7.1527300      0.0170861      0.0012484
      7.1829801      0.0171761      0.0014633
      7.2132201      0.0184568      0.0008305
      7.2434602      0.0184331      0.0008993
      7.2737002      0.0183134      0.0011137
      7.3039398      0.0183102      0.0012557
      7.3341899      0.0177739      0.0011809
      7.3644300      0.0173684      0.0025249
      7.3946700      0.0168745      0.0014937
      7.4249101      0.0174169      0.0020391
      7.4551501      0.0174996      0.0014451
      7.4551501      0.0165635      0.0007632
      7.4854002      0.0170239      0.0012611
      7.5156398      0.0161582      0.0023677
      7.5761199      0.0173499      0.0014106
      7.5761199      0.0161183      0.0011542
      7.6366000      0.0168910      0.0007556
      7.6366000      0.0165463      0.0012065
      7.6970901      0.0170805      0.0007281
      7.6970901      0.0164782      0.0006916
      7.7575698      0.0172863      0.0011421
      7.7575698      0.0170192      0.0006404
      7.8180499      0.0175631      0.0007636
      7.8180499      0.0167411      0.0012474
      7.8785400      0.0177321      0.0007151
      7.8785400      0.0166610      0.0011497
      7.9390202      0.0176985      0.0009180
      7.9390202      0.0172216      0.0009130
      7.9995098      0.0180772      0.0013436
      7.9995098      0.0172837      0.0012404
      8.0599899      0.0182775      0.0020622
      8.0599899      0.0174582      0.0005715
      8.1204700      0.0185720      0.0015887
      8.1204700      0.0189201      0.0008694
      8.1809597      0.0190270      0.0016151
      8.1809597      0.0182748      0.0022426
      8.2414398      0.0186267      0.0009374
      8.2414398      0.0179515      0.0007054
      8.3019199      0.0186666      0.0008411
      8.3019199      0.0181836      0.0007383
      8.3624096      0.0190298      0.0008105
      8.3624096      0.0184638      0.0007930
      8.4228897      0.0190952      0.0018247
      8.4228897      0.0187536      0.0005599
      8.4833698      0.0191073      0.0008320
      8.4833698      0.0163309      0.0057537
      8.5438604      0.0194138      0.0006997
      8.6043396      0.0197237      0.0008670
      8.6648302      0.0201274      0.0008941
      8.7253103      0.0211155      0.0007343
      8.7857904      0.0214122      0.0007870
      8.8462801      0.0217267      0.0008497
      8.9067602      0.0229763      0.0007994
      8.9672403      0.0229355      0.0007016
      9.0277300      0.0217671      0.0017426
      9.0882101      0.0218006      0.0009347
      9.1486902      0.0219196      0.0008242
      9.2091799      0.0220053      0.0008207
      9.2696600      0.0214554      0.0008582
      9.3301497      0.0214569      0.0023760
      9.3906298      0.0215387      0.0014294
      9.4511099      0.0213303      0.0010739
      9.5115995      0.0213891      0.0013922
      9.5720797      0.0213259      0.0014411
      9.6325598      0.0214680      0.0016830
      9.6930504      0.0212734      0.0014761
      9.7535295      0.0212695      0.0010348
      9.8140097      0.0218611      0.0023129
      9.8745003      0.0224694      0.0018465
      9.9349804      0.0228914      0.0009921
      9.9954700      0.0224939      0.0019870
     10.0559502      0.0231891      0.0009913
     10.1164303      0.0236594      0.0007493
     10.1769199      0.0237613      0.0011615
     10.2374001      0.0234688      0.0008331
     10.2978802      0.0231431      0.0008155
     10.3583698      0.0244156      0.0019880
     10.4188499      0.0252898      0.0024299
     10.4793301      0.0257618      0.0020173
     10.5398197      0.0258385      0.0010169
     10.6002998      0.0262884      0.0025433
     10.6607904      0.0267955      0.0023007
     10.7212696      0.0271115      0.0014692
     10.7817497      0.0282292      0.0017153
     10.8422403      0.0290804      0.0017475
     10.9027205      0.0298038      0.0011161
     10.9631996      0.0304665      0.0010909
     11.0236902      0.0313866      0.0025513
     11.0841703      0.0321630      0.0029401
     11.1446505      0.0328225      0.0027555
     11.2051401      0.0329519      0.0011828
     11.2656202      0.0339867      0.0019068
     11.3261099      0.0347801      0.0019162
     11.3865900      0.0349911      0.0013113
     11.4470701      0.0352928      0.0019996
     11.5075598      0.0361005      0.0027706
     11.5680399      0.0370731      0.0029031
     11.6285200      0.0376298      0.0012787
     11.6890097      0.0378238      0.0012797
     11.7494898      0.0377656      0.0019258
     11.8099699      0.0376925      0.0011256
     11.8704596      0.0384774      0.0019394
     11.9309397      0.0394172      0.0015826
     11.9914303      0.0398186      0.0019382
     12.0519104      0.0404685      0.0025743
     12.1123896      0.0403353      0.0024325
     12.1728802      0.0412513      0.0027911
     12.2333603      0.0431135      0.0024577
     12.2938404      0.0429129      0.0013270
     12.3543301      0.0421955      0.0015560
     12.4148102      0.0424165      0.0021575
     12.4752903      0.0425459      0.0016178
     12.5357800      0.0427835      0.0019752
     12.5962601      0.0430943      0.0013215
     12.6567497      0.0432758      0.0013288
     12.7172298      0.0439802      0.0013456
     12.7777100      0.0450198      0.0019821
     12.8381996      0.0449888      0.0022147
     12.8986797      0.0453251      0.0014252
     12.9591599      0.0456900      0.0019187
     13.0196505      0.0473572      0.0015530
     13.0801296      0.0495462      0.0020578
     13.1406097      0.0490638      0.0023596
     13.2011003      0.0480332      0.0017562
     13.2615805      0.0475678      0.0024791
     13.3220596      0.0470971      0.0015978
     13.3825502      0.0469999      0.0025237
     13.4430304      0.0463545      0.0020436
     13.5035200      0.0464293      0.0023300
     13.5640001      0.0463182      0.0016913
     13.6244802      0.0460407      0.0015884
     13.6849699      0.0464719      0.0016198
     13.7454500      0.0469078      0.0023223
     13.8059301      0.0470159      0.0023655
     13.8664198      0.0478646      0.0016095
     13.9268999      0.0473497      0.0018622
     13.9873800      0.0469910      0.0026230
     14.0693502      0.0472347      0.0016478
     14.1540298      0.0473759      0.0012680
     14.2387104      0.0469048      0.0012511
     14.3233805      0.0455371      0.0014735
     14.4080601      0.0458629      0.0019803
     14.4927397      0.0454675      0.0016715
     14.5774097      0.0453858      0.0014398
     14.6620903      0.0453958      0.0012083
     14.7467699      0.0460753      0.0010289
     14.8314505      0.0456485      0.0022704
     14.9161196      0.0469808      0.0011594
     15.0008001      0.0468772      0.0008986
     15.0854797      0.0447491      0.0010803
     15.1701498      0.0451573      0.0017720
     15.2548304      0.0450480      0.0011208
     15.3395100      0.0454955      0.0010558
     15.4241800      0.0449450      0.0007290
     15.5088596      0.0450645      0.0008041
     15.5935402      0.0458932      0.0011339
     15.6782103      0.0456250      0.0011088
     15.7628899      0.0461862      0.0026559
     15.8475704      0.0464833      0.0026988
     15.9322395      0.0472900      0.0013132
     16.0169201      0.0468717      0.0010160
     16.1016006      0.0463108      0.0008182
     16.1862793      0.0480022      0.0012974
     16.2709503      0.0488398      0.0012078
     16.3556309      0.0479137      0.0009844
     16.4403095      0.0495790      0.0021898
     16.5249805      0.0497508      0.0009628
     16.6096592      0.0521246      0.0012962
     16.6943398      0.0534765      0.0013913
     16.7790108      0.0519749      0.0028414
     16.8636894      0.0512422      0.0012195
     16.9483700      0.0529835      0.0035259
     17.0330391      0.0522442      0.0017071
     17.1177197      0.0535061      0.0027787
     17.2024002      0.0535076      0.0010423
     17.2870693      0.0537090      0.0017805
     17.3717499      0.0543770      0.0011661
     17.4564304      0.0555183      0.0016014
     17.5411091      0.0554030      0.0010765
     17.6257801      0.0568024      0.0012817
     17.7104607      0.0570813      0.0016304
     17.7951393      0.0575336      0.0014585
     17.8798103      0.0588014      0.0033190
     17.9644909      0.0595014      0.0034277
     18.0491695      0.0633286      0.0016670
     18.1338406      0.0683703      0.0023075
     18.2185192      0.0630528      0.0019828
     18.3031998      0.0623808      0.0030858
     18.3878708      0.0638785      0.0030212
     18.4725494      0.0629827      0.0055851
     18.5572300      0.0626537      0.0027397
     18.6418991      0.0640484      0.0028789
     18.7265797      0.0624990      0.0028494
     18.8112602      0.0632616      0.0018876
     18.8959408      0.0661857      0.0019311
     18.9806099      0.0686861      0.0029617
     19.0652905      0.0677286      0.0043667
     19.1499691      0.0697672      0.0030402
     19.2346401      0.0685396      0.0034049
     19.3193207      0.0675507      0.0030991
     19.4039993      0.0695781      0.0032853
     19.4886703      0.0682970      0.0022735
     19.5733509      0.0700731      0.0023682
     19.6580296      0.0719489      0.0030386
     19.7427006      0.0720167      0.0020630
     19.8273792      0.0715965      0.0028348
     19.9120598      0.0724448      0.0030695
     19.9120598      0.0720177      0.0020227
     19.9967308      0.0741366      0.0018517
     20.0814095      0.0738504      0.0024983
     20.0814095      0.0730445      0.0029737
     20.1660900      0.0740340      0.0019043
     20.2507706      0.0741343      0.0027280
     20.2507706      0.0727725      0.0028085
     20.3354397      0.0750998      0.0033959
     20.4201202      0.0741421      0.0024026
     20.4201202      0.0727698      0.0012380
     20.5048008      0.0728796      0.0074484
     20.5894699      0.0736471      0.0030261
     20.5894699      0.0741736      0.0017632
     20.7588291      0.0744368      0.0029223
     20.7588291      0.0745406      0.0021534
     20.9281807      0.0783513      0.0019623
     20.9281807      0.0731485      0.0013301
     21.0975304      0.0787345      0.0026625
     21.0975304      0.0748274      0.0034823
     21.2668896      0.0779010      0.0019962
     21.2668896      0.0783915      0.0014287
     21.4362392      0.0786624      0.0027265
     21.4362392      0.0791389      0.0042545
     21.6056004      0.0779355      0.0018020
     21.7749500      0.0813526      0.0031140
     21.9442997      0.0808682      0.0025008
     22.1136608      0.0803980      0.0027774
     22.2830105      0.0788572      0.0021032
     22.4523602      0.0791770      0.0016949
     22.6217194      0.0811542      0.0020987
     22.7910709      0.0810061      0.0020781
     22.9604301      0.0813058      0.0021074
     23.1297798      0.0793571      0.0020794
     23.2991295      0.0793998      0.0019906
     23.4684906      0.0802275      0.0049484
     23.6378403      0.0784347      0.0012999
     23.8071899      0.0789559      0.0020906
     23.9765491      0.0793484      0.0017826
     24.1459007      0.0822895      0.0023210
     24.3152599      0.0824362      0.0012632
     24.4846096      0.0821489      0.0017668
     24.6539593      0.0837021      0.0025041
     24.8233204      0.0817257      0.0022675
     24.9926701      0.0824555      0.0027871
     25.1620197      0.0833469      0.0032293
     25.3313808      0.0818907      0.0027728
     25.5007305      0.0848153      0.0029936
     25.6700897      0.0854685      0.0015911
     25.8394394      0.0837681      0.0017807
     26.0087891      0.0851303      0.0027167
     26.1781502      0.0865853      0.0028163
     26.3474998      0.0866170      0.0022967
     26.5168495      0.0869501      0.0021818
     26.6862106      0.0877533      0.0016681
     26.8555603      0.0876883      0.0024883
     27.0249195      0.0864698      0.0015091
     27.1942692      0.0877656      0.0031441
     27.3636208      0.0881254      0.0019708
     27.5329800      0.0875613      0.0016306
     27.7023296      0.0878597      0.0017335
     27.8716793      0.0905170      0.0020523
     28.0410404      0.0884819      0.0023510
     28.2103901      0.0863501      0.0031898
     28.3797493      0.0874274      0.0018756
     28.5491009      0.0878377      0.0023943
     28.7184505      0.0883640      0.0025182
     28.8878098      0.0891713      0.0034782
     29.0571594      0.0895187      0.0027197
     29.2265091      0.0878424      0.0019988
     29.3958702      0.0880419      0.0024027
     29.5652199      0.0877121      0.0027638
     29.7345791      0.0880505      0.0025306
     29.9039307      0.0894337      0.0035403
     30.0732803      0.0963484      0.0047553
     30.2426395      0.0956906      0.0042314
     30.4119892      0.0880606      0.0021744
     30.5813408      0.0888344      0.0052038
     30.7507000      0.0898836      0.0020884
     30.9200497      0.0907685      0.0037643
     31.0894108      0.0886632      0.0037947
     31.2587605      0.0891820      0.0045490
     31.4281101      0.0918201      0.0032194
     31.5974693      0.0905099      0.0026401
     31.7668209      0.0900170      0.0027968
     31.9361706      0.0891228      0.0044323
     32.1055298      0.0905033      0.0040582
     32.2748795      0.0909012      0.0037062
     32.4442406      0.0901359      0.0032450
     32.6135902      0.0924017      0.0048332
     32.7829399      0.0925557      0.0035164
     32.9523010      0.0901202      0.0031931
     33.1216507      0.0917431      0.0043323
     33.2910004      0.0911301      0.0106177
     33.4603615      0.0945021      0.0037262
     33.6297112      0.0877068      0.0057637
     33.7990685      0.0949099      0.0058674
     33.9684181      0.0964140      0.0053912
     34.1377716      0.0915143      0.0066250
     34.3071289      0.0944253      0.0059107
     34.4764786      0.0927315      0.0053463
     34.6458282      0.0896173      0.0038250
     34.8151894      0.0898011      0.0040025
     34.9845390      0.0933009      0.0051590
     35.1539001      0.0943944      0.0047890
     35.3232498      0.0908512      0.0052378
     35.4925995      0.0921710      0.0073430
     35.6619606      0.0933164      0.0088248
     35.8313103      0.0921050      0.0253872
     36.0006599      0.0931674      0.0097650
     36.1700211      0.0941963      0.0140339
     36.3393707      0.0908689      0.0057705
     36.5087318      0.0955462      0.0071793
     36.6780815      0.0975201      0.0067768
     36.8474312      0.0914935      0.0065698
     37.0167885      0.0948987      0.0074489
     37.1861382      0.1034932      0.0117374
     37.3554916      0.0979003      0.0086219
