#
      5.2474899      0.0146965      0.0009465
      5.2777300      0.0154849      0.0007898
      5.3079700      0.0153550      0.0012173
      5.3382101      0.0153189      0.0007624
      5.3684602      0.0155335      0.0020625
      5.3987002      0.0157136      0.0006008
      5.4289398      0.0155624      0.0009953
      5.4591799      0.0155723      0.0007914
      5.4894199      0.0155796      0.0010692
      5.5196700      0.0159470      0.0006698
      5.5499101      0.0155123      0.0006366
      5.5801501      0.0157457      0.0005759
      5.6103902      0.0157443      0.0008973
      5.6406298      0.0155066      0.0008194
      5.6708798      0.0155791      0.0006837
      5.7011199      0.0158078      0.0007096
      5.7313600      0.0154784      0.0005915
      5.7616000      0.0157550      0.0007428
      5.7918401      0.0160295      0.0005387
      5.8220901      0.0158872      0.0006598
      5.8523302      0.0156945      0.0006328
      5.8825698      0.0162044      0.0006748
      5.9128098      0.0163468      0.0008763
      5.9430499      0.0163232      0.0009857
      5.9733000      0.0162022      0.0011008
      6.0035400      0.0162409      0.0012083
      6.0337801      0.0159076      0.0006974
      6.0640202      0.0163830      0.0007222
      6.0942602      0.0166219      0.0006101
      6.1245098      0.0165456      0.0008005
      6.1547499      0.0171068      0.0006947
      6.1849899      0.0166241      0.0008959
      6.2152300      0.0168696      0.0007582
      6.2454700      0.0167137      0.0008019
      6.2757201      0.0166252      0.0011817
      6.3059602      0.0168517      0.0007390
      6.3362002      0.0164117      0.0006945
      6.3664398      0.0167686      0.0008169
      6.3966799      0.0168966      0.0007797
      6.4269300      0.0170782      0.0014176
      6.4571700      0.0170473      0.0006716
      6.4874101      0.0166901      0.0007858
      6.5176501      0.0168545      0.0008343
      6.5478902      0.0170278      0.0015059
      6.5781398      0.0175561      0.0009314
      6.6083798      0.0178468      0.0009120
      6.6386199      0.0176648      0.0008173
      6.6688600      0.0176559      0.0008239
      6.6991000      0.0175498      0.0012578
      6.7293501      0.0166238      0.0008068
      6.7595901      0.0175835      0.0015664
      6.7898302      0.0177657      0.0009805
      6.8200698      0.0176068      0.0010228
      6.8503098      0.0176833      0.0014431
      6.8805599      0.0176693      0.0012393
      6.9108000      0.0179441      0.0007963
      6.9410400      0.0175555      0.0009351
      6.9712801      0.0179477      0.0010318
      7.0015202      0.0178871      0.0008651
      7.0317702      0.0180642      0.0010168
      7.0620098      0.0180459      0.0016715
      7.0922499      0.0176133      0.0008517
      7.1224899      0.0181019      0.0008848
      7.1527300      0.0188079      0.0009361
      7.1829801      0.0192041      0.0008842
      7.2132201      0.0194833      0.0009120
      7.2434602      0.0197515      0.0010228
      7.2737002      0.0198020      0.0014079
      7.3039398      0.0195907      0.0015445
      7.3341899      0.0192069      0.0009967
      7.3644300      0.0191495      0.0011169
      7.3946700      0.0190335      0.0015368
      7.4249101      0.0187679      0.0012628
      7.4551501      0.0192334      0.0011166
      7.4551501      0.0185117      0.0016744
      7.4854002      0.0189544      0.0014773
      7.5156398      0.0181813      0.0013449
      7.5761199      0.0182571      0.0007305
      7.5761199      0.0181598      0.0008767
      7.6366000      0.0182872      0.0009358
      7.6366000      0.0184761      0.0007515
      7.6970901      0.0185653      0.0007060
      7.6970901      0.0184786      0.0011813
      7.7575698      0.0184504      0.0008266
      7.7575698      0.0180605      0.0014549
      7.8180499      0.0183918      0.0006701
      7.8180499      0.0185870      0.0008829
      7.8785400      0.0185532      0.0017235
      7.8785400      0.0182173      0.0007226
      7.9390202      0.0186525      0.0006438
      7.9390202      0.0186764      0.0025977
      7.9995098      0.0186323      0.0005978
      7.9995098      0.0187887      0.0014511
      8.0599899      0.0186546      0.0007052
      8.0599899      0.0187161      0.0006589
      8.1204700      0.0189532      0.0005944
      8.1204700      0.0192165      0.0006732
      8.1809597      0.0189292      0.0006169
      8.1809597      0.0191880      0.0008470
      8.2414398      0.0187846      0.0005540
      8.2414398      0.0185787      0.0007980
      8.3019199      0.0188008      0.0006044
      8.3019199      0.0189057      0.0014017
      8.3624096      0.0188352      0.0007743
      8.3624096      0.0184896      0.0011623
      8.4228897      0.0188546      0.0005900
      8.4228897      0.0192547      0.0005709
      8.4833698      0.0192635      0.0005199
      8.4833698      0.0168264      0.0038429
      8.5438604      0.0193531      0.0011548
      8.6043396      0.0193859      0.0006855
      8.6648302      0.0194589      0.0006300
      8.7253103      0.0198135      0.0007456
      8.7857904      0.0203596      0.0005207
      8.8462801      0.0209553      0.0006464
      8.9067602      0.0217566      0.0006560
      8.9672403      0.0222036      0.0006170
      9.0277300      0.0209117      0.0006665
      9.0882101      0.0211303      0.0005297
      9.1486902      0.0213257      0.0005145
      9.2091799      0.0210200      0.0006148
      9.2696600      0.0208606      0.0006185
      9.3301497      0.0206546      0.0007174
      9.3906298      0.0208608      0.0006956
      9.4511099      0.0203357      0.0006743
      9.5115995      0.0200657      0.0008213
      9.5720797      0.0202264      0.0005836
      9.6325598      0.0204905      0.0005600
      9.6930504      0.0203835      0.0007561
      9.7535295      0.0199405      0.0007606
      9.8140097      0.0207180      0.0005613
      9.8745003      0.0208863      0.0006970
      9.9349804      0.0207479      0.0005609
      9.9954700      0.0207621      0.0004889
     10.0559502      0.0210029      0.0008148
     10.1164303      0.0209166      0.0010767
     10.1769199      0.0211444      0.0008485
     10.2374001      0.0209432      0.0007454
     10.2978802      0.0205359      0.0005193
     10.3583698      0.0212244      0.0008580
     10.4188499      0.0211283      0.0007782
     10.4793301      0.0212608      0.0007011
     10.5398197      0.0214458      0.0006307
     10.6002998      0.0212446      0.0007745
     10.6607904      0.0217413      0.0006822
     10.7212696      0.0219342      0.0005448
     10.7817497      0.0222272      0.0006836
     10.8422403      0.0227026      0.0006317
     10.9027205      0.0228669      0.0006090
     10.9631996      0.0232298      0.0010548
     11.0236902      0.0236308      0.0006154
     11.0841703      0.0237210      0.0012620
     11.1446505      0.0239694      0.0006138
     11.2051401      0.0240003      0.0007817
     11.2656202      0.0240308      0.0008150
     11.3261099      0.0247419      0.0006668
     11.3865900      0.0244073      0.0008249
     11.4470701      0.0249062      0.0006853
     11.5075598      0.0251679      0.0007463
     11.5680399      0.0248842      0.0007633
     11.6285200      0.0252474      0.0007803
     11.6890097      0.0258747      0.0008547
     11.7494898      0.0257360      0.0008884
     11.8099699      0.0258161      0.0008623
     11.8704596      0.0259363      0.0015177
     11.9309397      0.0254416      0.0007957
     11.9914303      0.0263710      0.0009614
     12.0519104      0.0263927      0.0014557
     12.1123896      0.0263037      0.0007387
     12.1728802      0.0267747      0.0006845
     12.2333603      0.0275250      0.0009536
     12.2938404      0.0275845      0.0011021
     12.3543301      0.0273047      0.0007642
     12.4148102      0.0271419      0.0008243
     12.4752903      0.0272385      0.0007243
     12.5357800      0.0274111      0.0008508
     12.5962601      0.0279566      0.0007091
     12.6567497      0.0282544      0.0007869
     12.7172298      0.0283336      0.0007758
     12.7777100      0.0286447      0.0009971
     12.8381996      0.0287875      0.0009798
     12.8986797      0.0289383      0.0010938
     12.9591599      0.0287264      0.0013742
     13.0196505      0.0292970      0.0011806
     13.0801296      0.0310718      0.0009555
     13.1406097      0.0322145      0.0011004
     13.2011003      0.0310678      0.0014981
     13.2615805      0.0309622      0.0010017
     13.3220596      0.0295620      0.0016360
     13.3825502      0.0297397      0.0008737
     13.4430304      0.0294788      0.0008704
     13.5035200      0.0296451      0.0017961
     13.5640001      0.0294737      0.0009482
     13.6244802      0.0291702      0.0009971
     13.6849699      0.0293043      0.0010149
     13.7454500      0.0294173      0.0013210
     13.8059301      0.0297995      0.0009602
     13.8664198      0.0294243      0.0011143
     13.9268999      0.0295995      0.0014690
     13.9873800      0.0295824      0.0009890
     14.0693502      0.0296054      0.0010589
     14.1540298      0.0295975      0.0011840
     14.2387104      0.0296087      0.0007243
     14.3233805      0.0298304      0.0012284
     14.4080601      0.0300714      0.0010349
     14.4927397      0.0301145      0.0008376
     14.5774097      0.0294522      0.0007847
     14.6620903      0.0295341      0.0008842
     14.7467699      0.0295663      0.0027365
     14.8314505      0.0299387      0.0007122
     14.9161196      0.0313750      0.0010310
     15.0008001      0.0308157      0.0007444
     15.0854797      0.0290530      0.0005545
     15.1701498      0.0286789      0.0009733
     15.2548304      0.0286946      0.0008049
     15.3395100      0.0289470      0.0007141
     15.4241800      0.0281078      0.0011661
     15.5088596      0.0286465      0.0007744
     15.5935402      0.0288568      0.0011685
     15.6782103      0.0289543      0.0013544
     15.7628899      0.0287422      0.0005794
     15.8475704      0.0286270      0.0005151
     15.9322395      0.0290463      0.0008232
     16.0169201      0.0291058      0.0020891
     16.1016006      0.0294565      0.0012277
     16.1862793      0.0295327      0.0008496
     16.2709503      0.0308480      0.0015427
     16.3556309      0.0298018      0.0006533
     16.4403095      0.0298940      0.0007036
     16.5249805      0.0303797      0.0008722
     16.6096592      0.0305721      0.0019202
     16.6943398      0.0312090      0.0010179
     16.7790108      0.0316687      0.0006230
     16.8636894      0.0307325      0.0013771
     16.9483700      0.0316954      0.0009857
     17.0330391      0.0310617      0.0008582
     17.1177197      0.0312633      0.0008628
     17.2024002      0.0317442      0.0015277
     17.2870693      0.0320573      0.0009883
     17.3717499      0.0329861      0.0012739
     17.4564304      0.0333150      0.0008848
     17.5411091      0.0323302      0.0013113
     17.6257801      0.0324421      0.0015082
     17.7104607      0.0333481      0.0010996
     17.7951393      0.0330785      0.0009484
     17.8798103      0.0327175      0.0009417
     17.9644909      0.0346233      0.0027448
     18.0491695      0.0360350      0.0009964
     18.1338406      0.0376531      0.0014325
     18.2185192      0.0393715      0.0018319
     18.3031998      0.0363381      0.0014406
     18.3878708      0.0359086      0.0013495
     18.4725494      0.0356116      0.0009940
     18.5572300      0.0358531      0.0011862
     18.6418991      0.0372658      0.0010259
     18.7265797      0.0374902      0.0014424
     18.8112602      0.0377538      0.0011984
     18.8959408      0.0393638      0.0012923
     18.9806099      0.0394449      0.0009020
     19.0652905      0.0394803      0.0010181
     19.1499691      0.0406737      0.0015480
     19.2346401      0.0396038      0.0018856
     19.3193207      0.0406759      0.0010990
     19.4039993      0.0396679      0.0014086
     19.4886703      0.0394473      0.0008915
     19.5733509      0.0398937      0.0014108
     19.6580296      0.0397165      0.0019835
     19.7427006      0.0408843      0.0014356
     19.8273792      0.0426321      0.0010565
     19.9120598      0.0425211      0.0013420
     19.9120598      0.0420212      0.0017213
     19.9967308      0.0411135      0.0019381
     20.0814095      0.0418465      0.0037080
     20.0814095      0.0416596      0.0028679
     20.1660900      0.0428177      0.0018892
     20.2507706      0.0429870      0.0013483
     20.2507706      0.0413075      0.0006999
     20.3354397      0.0421678      0.0017705
     20.4201202      0.0414816      0.0025263
     20.4201202      0.0407537      0.0012059
     20.5048008      0.0432939      0.0019848
     20.5894699      0.0416729      0.0014356
     20.5894699      0.0413490      0.0007213
     20.7588291      0.0432858      0.0042298
     20.7588291      0.0435081      0.0013060
     20.9281807      0.0431765      0.0030327
     20.9281807      0.0433567      0.0010426
     21.0975304      0.0437383      0.0017829
     21.0975304      0.0432646      0.0014758
     21.2668896      0.0445709      0.0018926
     21.2668896      0.0423260      0.0008053
     21.4362392      0.0448867      0.0017066
     21.4362392      0.0424798      0.0009264
     21.6056004      0.0435102      0.0017170
     21.7749500      0.0443920      0.0015792
     21.9442997      0.0452916      0.0016142
     22.1136608      0.0444643      0.0017393
     22.2830105      0.0437857      0.0016031
     22.4523602      0.0430685      0.0014177
     22.6217194      0.0444391      0.0037499
     22.7910709      0.0436550      0.0017015
     22.9604301      0.0437169      0.0013443
     23.1297798      0.0437603      0.0011180
     23.2991295      0.0448564      0.0014930
     23.4684906      0.0442263      0.0024977
     23.6378403      0.0444406      0.0011830
     23.8071899      0.0445014      0.0033925
     23.9765491      0.0443759      0.0042667
     24.1459007      0.0441971      0.0011766
     24.3152599      0.0449417      0.0008378
     24.4846096      0.0450683      0.0013060
     24.6539593      0.0452104      0.0016242
     24.8233204      0.0465449      0.0015581
     24.9926701      0.0461699      0.0012811
     25.1620197      0.0456192      0.0011573
     25.3313808      0.0448199      0.0010030
     25.5007305      0.0454073      0.0045603
     25.6700897      0.0464684      0.0016591
     25.8394394      0.0466418      0.0013754
     26.0087891      0.0474702      0.0016698
     26.1781502      0.0465285      0.0012454
     26.3474998      0.0483292      0.0013601
     26.5168495      0.0464320      0.0014949
     26.6862106      0.0462366      0.0015745
     26.8555603      0.0481473      0.0012604
     27.0249195      0.0477694      0.0012580
     27.1942692      0.0468339      0.0016736
     27.3636208      0.0469242      0.0010823
     27.5329800      0.0489597      0.0011113
     27.7023296      0.0481979      0.0029577
     27.8716793      0.0484698      0.0014020
     28.0410404      0.0470661      0.0014939
     28.2103901      0.0478264      0.0017708
     28.3797493      0.0501314      0.0021838
     28.5491009      0.0481077      0.0014284
     28.7184505      0.0492492      0.0015052
     28.8878098      0.0481086      0.0028044
     29.0571594      0.0484684      0.0052022
     29.2265091      0.0496048      0.0015180
     29.3958702      0.0476786      0.0018565
     29.5652199      0.0484069      0.0017805
     29.7345791      0.0491299      0.0013535
     29.9039307      0.0480717      0.0015616
     30.0732803      0.0519850      0.0019634
     30.2426395      0.0551443      0.0024657
     30.4119892      0.0526184      0.0025734
     30.5813408      0.0493070      0.0021803
     30.7507000      0.0495562      0.0023279
     30.9200497      0.0492008      0.0028752
     31.0894108      0.0485342      0.0019255
     31.2587605      0.0504532      0.0022574
     31.4281101      0.0480014      0.0031576
     31.5974693      0.0509325      0.0028527
     31.7668209      0.0512913      0.0019678
     31.9361706      0.0503100      0.0025147
     32.1055298      0.0508233      0.0035875
     32.2748795      0.0517560      0.0034367
     32.4442406      0.0523741      0.0024935
     32.6135902      0.0516114      0.0019330
     32.7829399      0.0516058      0.0029863
     32.9523010      0.0542020      0.0021295
     33.1216507      0.0515601      0.0025577
     33.2910004      0.0517816      0.0045461
     33.4603615      0.0532802      0.0037968
     33.6297112      0.0509135      0.0026396
     33.7990685      0.0500991      0.0041874
     33.9684181      0.0523770      0.0062302
     34.1377716      0.0523617      0.0039386
     34.3071289      0.0569695      0.0060526
     34.4764786      0.0535135      0.0029735
     34.6458282      0.0544184      0.0064833
     34.8151894      0.0554956      0.0051814
     34.9845390      0.0525859      0.0063954
     35.1539001      0.0550739      0.0040269
     35.3232498      0.0534894      0.0031473
     35.4925995      0.0529337      0.0060419
     35.6619606      0.0556105      0.0057760
     35.8313103      0.0494805      0.0051017
     36.0006599      0.0534143      0.0130585
     36.1700211      0.0542172      0.0144187
     36.3393707      0.0543217      0.0054327
     36.5087318      0.0534991      0.0257842
     36.6780815      0.0557900      0.0104564
     36.8474312      0.0589030      0.0074205
     37.0167885      0.0580183      0.0072254
     37.1861382      0.0633158      0.0086568
     37.3554916      0.0546662      0.0083158
