#
      5.2474899      0.0518062      0.0027786
      5.2777300      0.0521154      0.0022529
      5.3079700      0.0514869      0.0024009
      5.3382101      0.0522334      0.0017382
      5.3684602      0.0521633      0.0018258
      5.3987002      0.0519452      0.0021524
      5.4289398      0.0527780      0.0036161
      5.4591799      0.0529075      0.0018423
      5.4894199      0.0527674      0.0013013
      5.5196700      0.0529025      0.0016512
      5.5499101      0.0534107      0.0021232
      5.5801501      0.0532146      0.0015235
      5.6103902      0.0529415      0.0013736
      5.6406298      0.0540097      0.0027176
      5.6708798      0.0538831      0.0020928
      5.7011199      0.0544892      0.0015801
      5.7313600      0.0544740      0.0016592
      5.7616000      0.0549583      0.0013693
      5.7918401      0.0551257      0.0012901
      5.8220901      0.0560249      0.0015034
      5.8523302      0.0560185      0.0028779
      5.8825698      0.0559581      0.0017094
      5.9128098      0.0575906      0.0019327
      5.9430499      0.0572742      0.0017010
      5.9733000      0.0575892      0.0014546
      6.0035400      0.0579442      0.0019128
      6.0337801      0.0577553      0.0059165
      6.0640202      0.0578662      0.0056384
      6.0942602      0.0590694      0.0016268
      6.1245098      0.0589208      0.0015570
      6.1547499      0.0577464      0.0015401
      6.1849899      0.0572069      0.0015607
      6.2152300      0.0585155      0.0015701
      6.2454700      0.0582945      0.0017808
      6.2757201      0.0583933      0.0017206
      6.3059602      0.0591750      0.0018162
      6.3362002      0.0591762      0.0029580
      6.3664398      0.0592167      0.0034885
      6.3966799      0.0594457      0.0031690
      6.4269300      0.0594786      0.0032938
      6.4571700      0.0600618      0.0020502
      6.4874101      0.0601252      0.0020036
      6.5176501      0.0591303      0.0017680
      6.5478902      0.0610708      0.0016211
      6.5781398      0.0606778      0.0021011
      6.6083798      0.0609346      0.0020457
      6.6386199      0.0609935      0.0043062
      6.6688600      0.0615805      0.0026647
      6.6991000      0.0616972      0.0041085
      6.7293501      0.0619260      0.0017358
      6.7595901      0.0620472      0.0016045
      6.7898302      0.0623360      0.0024996
      6.8200698      0.0624527      0.0018401
      6.8503098      0.0629233      0.0020552
      6.8805599      0.0633420      0.0016986
      6.9108000      0.0634061      0.0015938
      6.9410400      0.0626081      0.0016632
      6.9712801      0.0630537      0.0030852
      7.0015202      0.0627083      0.0020530
      7.0317702      0.0624915      0.0022872
      7.0620098      0.0637555      0.0025510
      7.0922499      0.0640586      0.0024855
      7.1224899      0.0638101      0.0016927
      7.1527300      0.0643804      0.0022835
      7.1829801      0.0646252      0.0021853
      7.2132201      0.0644620      0.0019863
      7.2434602      0.0647708      0.0025879
      7.2737002      0.0660642      0.0028289
      7.3039398      0.0664854      0.0026244
      7.3341899      0.0653339      0.0029690
      7.3644300      0.0657680      0.0020340
      7.3946700      0.0654818      0.0019235
      7.4249101      0.0652904      0.0020829
      7.4551501      0.0662957      0.0022543
      7.4551501      0.0642271      0.0032315
      7.4854002      0.0656919      0.0028604
      7.5156398      0.0642523      0.0030977
      7.5761199      0.0670418      0.0026310
      7.5761199      0.0644838      0.0025938
      7.6366000      0.0669175      0.0027975
      7.6366000      0.0660012      0.0019152
      7.6970901      0.0673495      0.0023274
      7.6970901      0.0667972      0.0023875
      7.7575698      0.0668396      0.0062711
      7.7575698      0.0677512      0.0020205
      7.8180499      0.0669627      0.0030836
      7.8180499      0.0677872      0.0027508
      7.8785400      0.0673963      0.0026469
      7.8785400      0.0683588      0.0028711
      7.9390202      0.0696343      0.0022656
      7.9390202      0.0697734      0.0016469
      7.9995098      0.0702935      0.0026835
      7.9995098      0.0693516      0.0024614
      8.0599899      0.0707699      0.0021701
      8.0599899      0.0705070      0.0057532
      8.1204700      0.0712589      0.0032879
      8.1204700      0.0712830      0.0014449
      8.1809597      0.0711420      0.0026890
      8.1809597      0.0702819      0.0019586
      8.2414398      0.0721993      0.0022439
      8.2414398      0.0708359      0.0017914
      8.3019199      0.0747981      0.0022016
      8.3019199      0.0731520      0.0033778
      8.3624096      0.0747945      0.0022313
      8.3624096      0.0718395      0.0019253
      8.4228897      0.0721142      0.0020070
      8.4228897      0.0718871      0.0021361
      8.4833698      0.0733733      0.0018633
      8.5438604      0.0725095      0.0019729
      8.6043396      0.0723606      0.0022562
      8.6648302      0.0742555      0.0020114
      8.7253103      0.0730911      0.0018814
      8.7857904      0.0733877      0.0034157
      8.8462801      0.0731883      0.0020561
      8.9067602      0.0717722      0.0018983
      8.9672403      0.0730567      0.0018023
      9.0277300      0.0733989      0.0019357
      9.0882101      0.0743983      0.0042505
      9.1486902      0.0751586      0.0018765
      9.2091799      0.0755324      0.0032882
      9.2696600      0.0757886      0.0024958
      9.3301497      0.0771102      0.0022721
      9.3906298      0.0772002      0.0026107
      9.4511099      0.0776652      0.0033609
      9.5115995      0.0782206      0.0044524
      9.5720797      0.0783659      0.0024373
      9.6325598      0.0789848      0.0040080
      9.6930504      0.0796413      0.0021707
      9.7535295      0.0800568      0.0028581
      9.8140097      0.0803801      0.0027825
      9.8745003      0.0821616      0.0021590
      9.9349804      0.0815981      0.0021575
      9.9954700      0.0831174      0.0042427
     10.0559502      0.0839726      0.0027730
     10.1164303      0.0850012      0.0019610
     10.1769199      0.0862096      0.0025232
     10.2374001      0.0864620      0.0019409
     10.2978802      0.0871492      0.0032933
     10.3583698      0.0887497      0.0019824
     10.4188499      0.0890153      0.0051633
     10.4793301      0.0896098      0.0034467
     10.5398197      0.0910721      0.0049061
     10.6002998      0.0917557      0.0028615
     10.6607904      0.0920338      0.0024024
     10.7212696      0.0933719      0.0031600
     10.7817497      0.0928914      0.0021151
     10.8422403      0.0942549      0.0023917
     10.9027205      0.0942200      0.0035081
     10.9631996      0.0938797      0.0026852
     11.0236902      0.0956804      0.0031828
     11.0841703      0.0959298      0.0032621
     11.1446505      0.0961307      0.0056171
     11.2051401      0.0959806      0.0032880
     11.2656202      0.0967207      0.0036696
     11.3261099      0.0975803      0.0036826
     11.3865900      0.0983827      0.0027065
     11.4470701      0.1002133      0.0025080
     11.5075598      0.1002091      0.0025259
     11.5680399      0.0989955      0.0051539
     11.6285200      0.0987655      0.0027765
     11.6890097      0.0999508      0.0027071
     11.7494898      0.1014242      0.0027293
     11.8099699      0.1000204      0.0026629
     11.8704596      0.0978332      0.0025478
     11.9309397      0.1004458      0.0028899
     11.9914303      0.1018472      0.0032102
     12.0519104      0.1022749      0.0033629
     12.1123896      0.1016975      0.0074847
     12.1728802      0.1016458      0.0034632
     12.2333603      0.1033175      0.0028985
     12.2938404      0.1030407      0.0036587
     12.3543301      0.1018034      0.0061646
     12.4148102      0.1029683      0.0033410
     12.4752903      0.1017320      0.0034869
     12.5357800      0.1005567      0.0034443
     12.5962601      0.1009784      0.0031290
     12.6567497      0.0997373      0.0034018
     12.7172298      0.1009414      0.0047262
     12.7777100      0.1007433      0.0057962
     12.8381996      0.1003583      0.0037941
     12.8986797      0.1007063      0.0043579
     12.9591599      0.1009893      0.0031006
     13.0196505      0.1003919      0.0047271
     13.0801296      0.0999389      0.0035700
     13.1406097      0.0992570      0.0027980
     13.2011003      0.1001546      0.0034711
     13.2615805      0.0991047      0.0031025
     13.3220596      0.0988305      0.0034959
     13.3825502      0.0987353      0.0033739
     13.4430304      0.1002880      0.0029362
     13.5035200      0.0985997      0.0036729
     13.5640001      0.0977180      0.0034620
     13.6244802      0.0994567      0.0041262
     13.6849699      0.0976620      0.0040881
     13.7454500      0.0975608      0.0036132
     13.8059301      0.0983730      0.0034879
     13.8664198      0.0988963      0.0034568
     13.9268999      0.0990567      0.0040002
     13.9873800      0.0993205      0.0045890
     14.0693502      0.1003312      0.0022417
     14.1540298      0.0974920      0.0015857
     14.2387104      0.0985398      0.0017920
     14.3233805      0.0985899      0.0060765
     14.4080601      0.0975323      0.0038690
     14.4927397      0.0987890      0.0055583
     14.5774097      0.0987310      0.0040265
     14.6620903      0.1002655      0.0040463
     14.7467699      0.1011462      0.0023185
     14.8314505      0.0993294      0.0034574
     14.9161196      0.0982834      0.0043241
     15.0008001      0.0966267      0.0012789
     15.0854797      0.0989811      0.0015990
     15.1701498      0.1004742      0.0019033
     15.2548304      0.1003337      0.0020982
     15.3395100      0.0993485      0.0018922
     15.4241800      0.1000218      0.0017953
     15.5088596      0.1004637      0.0012275
     15.5935402      0.1032084      0.0013222
     15.6782103      0.1025335      0.0027089
     15.7628899      0.1005054      0.0014019
     15.8475704      0.1025291      0.0027003
     15.9322395      0.1016773      0.0019827
     16.0169201      0.1027481      0.0032522
     16.1016006      0.1036373      0.0021258
     16.1862793      0.1039317      0.0042542
     16.2709503      0.1067631      0.0024741
     16.3556309      0.1041022      0.0016948
     16.4403095      0.1038103      0.0019754
     16.5249805      0.1044876      0.0014961
     16.6096592      0.1048113      0.0029850
     16.6943398      0.1065196      0.0013390
     16.7790108      0.1081860      0.0023047
     16.8636894      0.1106532      0.0019579
     16.9483700      0.1127250      0.0039366
     17.0330391      0.1109217      0.0038853
     17.1177197      0.1093865      0.0017790
     17.2024002      0.1116502      0.0076148
     17.2870693      0.1102165      0.0030036
     17.3717499      0.1118011      0.0094154
     17.4564304      0.1133076      0.0025141
     17.5411091      0.1119127      0.0035136
     17.6257801      0.1136576      0.0014946
     17.7104607      0.1148314      0.0025535
     17.7951393      0.1165542      0.0017836
     17.8798103      0.1171249      0.0022015
     17.9644909      0.1160961      0.0047498
     18.0491695      0.1178219      0.0035096
     18.1338406      0.1169929      0.0025810
     18.2185192      0.1165913      0.0020752
     18.3031998      0.1188847      0.0025225
     18.3878708      0.1180960      0.0024731
     18.4725494      0.1187035      0.0025745
     18.5572300      0.1220645      0.0028298
     18.6418991      0.1207382      0.0023732
     18.7265797      0.1185908      0.0021147
     18.8112602      0.1194817      0.0038045
     18.8959408      0.1212017      0.0026976
     18.9806099      0.1232179      0.0038321
     19.0652905      0.1235925      0.0035432
     19.1499691      0.1196517      0.0023515
     19.2346401      0.1184943      0.0027895
     19.3193207      0.1216220      0.0047857
     19.4039993      0.1198457      0.0033875
     19.4886703      0.1218403      0.0023277
     19.5733509      0.1215333      0.0031874
     19.6580296      0.1239707      0.0031778
     19.7427006      0.1227041      0.0040868
     19.8273792      0.1249160      0.0033572
     19.9120598      0.1236970      0.0024179
     19.9120598      0.1218068      0.0021169
     19.9967308      0.1245027      0.0022837
     20.0814095      0.1262216      0.0026344
     20.0814095      0.1223260      0.0016321
     20.1660900      0.1243073      0.0028650
     20.2507706      0.1254876      0.0028660
     20.2507706      0.1235426      0.0027415
     20.3354397      0.1238808      0.0033423
     20.4201202      0.1304876      0.0026144
     20.4201202      0.1242003      0.0021805
     20.5048008      0.1245670      0.0032101
     20.5894699      0.1231585      0.0053228
     20.5894699      0.1234711      0.0021355
     20.7588291      0.1256549      0.0019145
     20.7588291      0.1226613      0.0013574
     20.9281807      0.1249932      0.0034962
     20.9281807      0.1185970      0.0035500
     21.0975304      0.1260528      0.0030068
     21.0975304      0.1215260      0.0018419
     21.2668896      0.1246260      0.0022342
     21.2668896      0.1239143      0.0021942
     21.4362392      0.1234300      0.0021373
     21.4362392      0.1281535      0.0022251
     21.6056004      0.1226663      0.0018500
     21.7749500      0.1223870      0.0022816
     21.9442997      0.1220132      0.0025758
     22.1136608      0.1212500      0.0024294
     22.2830105      0.1229268      0.0028678
     22.4523602      0.1212828      0.0030768
     22.6217194      0.1206045      0.0031795
     22.7910709      0.1216589      0.0029863
     22.9604301      0.1213618      0.0012716
     23.1297798      0.1232291      0.0025912
     23.2991295      0.1208361      0.0030314
     23.4684906      0.1201409      0.0024043
     23.6378403      0.1207843      0.0027196
     23.8071899      0.1191313      0.0019204
     23.9765491      0.1204644      0.0073880
     24.1459007      0.1202220      0.0042586
     24.3152599      0.1201275      0.0013448
     24.4846096      0.1203671      0.0012847
     24.6539593      0.1211158      0.0012683
     24.8233204      0.1211980      0.0019031
     24.9926701      0.1201902      0.0041204
     25.1620197      0.1210592      0.0013180
     25.3313808      0.1208175      0.0078588
     25.5007305      0.1208448      0.0040232
     25.6700897      0.1229264      0.0022726
     25.8394394      0.1215248      0.0023453
     26.0087891      0.1227080      0.0021368
     26.1781502      0.1212132      0.0026191
     26.3474998      0.1214913      0.0015460
     26.5168495      0.1206272      0.0014781
     26.6862106      0.1193684      0.0015023
     26.8555603      0.1200061      0.0018610
     27.0249195      0.1184885      0.0021489
     27.1942692      0.1182547      0.0020078
     27.3636208      0.1180061      0.0014371
     27.5329800      0.1148111      0.0013024
     27.7023296      0.1134299      0.0027372
     27.8716793      0.1188653      0.0077643
     28.0410404      0.1280428      0.0026415
     28.2103901      0.1363821      0.0032442
     28.3797493      0.1230183      0.0021004
     28.5491009      0.1194152      0.0015965
     28.7184505      0.1157370      0.0024141
     28.8878098      0.1178016      0.0024449
     29.0571594      0.1170751      0.0017072
     29.2265091      0.1169052      0.0027567
     29.3958702      0.1183420      0.0027417
     29.5652199      0.1184990      0.0026654
     29.7345791      0.1193422      0.0022773
     29.9039307      0.1200726      0.0021939
     30.0732803      0.1197910      0.0026281
     30.2426395      0.1184210      0.0017863
     30.4119892      0.1184454      0.0020417
     30.5813408      0.1179109      0.0023099
     30.7507000      0.1186680      0.0034632
     30.9200497      0.1192482      0.0019877
     31.0894108      0.1178075      0.0021580
     31.2587605      0.1187098      0.0031498
     31.4281101      0.1164826      0.0028473
     31.5974693      0.1207901      0.0028283
     31.7668209      0.1179087      0.0036848
     31.9361706      0.1173877      0.0024095
     32.1055298      0.1152796      0.0039483
     32.2748795      0.1144166      0.0036947
     32.4442406      0.1152404      0.0034424
     32.6135902      0.1166042      0.0041177
     32.7829399      0.1162097      0.0049604
     32.9523010      0.1163097      0.0060483
     33.1216507      0.1142433      0.0032689
     33.2910004      0.1160770      0.0029971
     33.4603615      0.1183731      0.0035305
     33.6297112      0.1163513      0.0128034
     33.7990685      0.1138845      0.0057441
     33.9684181      0.1171888      0.0040964
     34.1377716      0.1121944      0.0058091
     34.3071289      0.1175085      0.0038623
     34.4764786      0.1169153      0.0042729
     34.6458282      0.1197120      0.0046189
     34.8151894      0.1168137      0.0105919
     34.9845390      0.1145923      0.0046925
     35.1539001      0.1197105      0.0038157
     35.3232498      0.1172720      0.0062928
     35.4925995      0.1204454      0.0075150
     35.6619606      0.1176610      0.0065404
     35.8313103      0.1129010      0.0052701
     36.0006599      0.1128120      0.0067935
     36.1700211      0.1078344      0.0056601
     36.3393707      0.1194867      0.0057504
     36.5087318      0.1153183      0.0188049
     36.6780815      0.1156084      0.0073802
     36.8474312      0.1145503      0.0059387
     37.0167885      0.1153062      0.0070428
     37.1861382      0.1257779      0.0135346
     37.3554916      0.1159348      0.0101732
