#
      5.2474899      0.0224365      0.0007901
      5.2777300      0.0223997      0.0007649
      5.3079700      0.0226352      0.0008504
      5.3382101      0.0226275      0.0009448
      5.3684602      0.0233478      0.0008783
      5.3987002      0.0230254      0.0024258
      5.4289398      0.0230942      0.0008430
      5.4591799      0.0231664      0.0011084
      5.4894199      0.0228450      0.0012812
      5.5196700      0.0232645      0.0008152
      5.5499101      0.0230627      0.0007491
      5.5801501      0.0231354      0.0007795
      5.6103902      0.0233245      0.0011513
      5.6406298      0.0234217      0.0017764
      5.6708798      0.0233543      0.0006158
      5.7011199      0.0236803      0.0006639
      5.7313600      0.0236326      0.0016150
      5.7616000      0.0238593      0.0008328
      5.7918401      0.0239824      0.0004997
      5.8220901      0.0240427      0.0006768
      5.8523302      0.0238789      0.0007278
      5.8825698      0.0240026      0.0005683
      5.9128098      0.0240033      0.0006497
      5.9430499      0.0238001      0.0006558
      5.9733000      0.0243564      0.0009188
      6.0035400      0.0244086      0.0006859
      6.0337801      0.0243341      0.0020401
      6.0640202      0.0247568      0.0010278
      6.0942602      0.0248294      0.0010194
      6.1245098      0.0247273      0.0007573
      6.1547499      0.0244386      0.0006860
      6.1849899      0.0246158      0.0008407
      6.2152300      0.0249811      0.0006570
      6.2454700      0.0250130      0.0007142
      6.2757201      0.0248241      0.0009381
      6.3059602      0.0246371      0.0007312
      6.3362002      0.0245001      0.0007237
      6.3664398      0.0245600      0.0006809
      6.3966799      0.0248838      0.0006514
      6.4269300      0.0252173      0.0008394
      6.4571700      0.0249957      0.0010130
      6.4874101      0.0250224      0.0009165
      6.5176501      0.0249641      0.0009723
      6.5478902      0.0249226      0.0006861
      6.5781398      0.0250533      0.0012798
      6.6083798      0.0253666      0.0006490
      6.6386199      0.0253591      0.0007154
      6.6688600      0.0252901      0.0006302
      6.6991000      0.0250170      0.0006800
      6.7293501      0.0246737      0.0007605
      6.7595901      0.0256915      0.0006892
      6.7898302      0.0255321      0.0007494
      6.8200698      0.0256640      0.0008526
      6.8503098      0.0255566      0.0011352
      6.8805599      0.0260246      0.0008869
      6.9108000      0.0259661      0.0008755
      6.9410400      0.0263587      0.0009275
      6.9712801      0.0263654      0.0008264
      7.0015202      0.0255853      0.0010489
      7.0317702      0.0257641      0.0010421
      7.0620098      0.0262325      0.0026157
      7.0922499      0.0263903      0.0008476
      7.1224899      0.0263572      0.0008280
      7.1527300      0.0264963      0.0017576
      7.1829801      0.0266681      0.0008319
      7.2132201      0.0268278      0.0007723
      7.2434602      0.0269047      0.0008055
      7.2737002      0.0263327      0.0008495
      7.3039398      0.0269869      0.0009855
      7.3341899      0.0270562      0.0009053
      7.3644300      0.0267199      0.0012859
      7.3946700      0.0267673      0.0014130
      7.4249101      0.0269283      0.0017916
      7.4551501      0.0267229      0.0010761
      7.4551501      0.0257670      0.0006727
      7.4854002      0.0270747      0.0015058
      7.5156398      0.0254208      0.0008334
      7.5761199      0.0283704      0.0031834
      7.5761199      0.0258794      0.0008890
      7.6366000      0.0274999      0.0029144
      7.6366000      0.0258644      0.0006881
      7.6970901      0.0269178      0.0025944
      7.6970901      0.0260628      0.0007612
      7.7575698      0.0271920      0.0065979
      7.7575698      0.0265827      0.0009136
      7.8180499      0.0279522      0.0029536
      7.8180499      0.0267139      0.0009720
      7.8785400      0.0277788      0.0057545
      7.8785400      0.0270362      0.0006532
      7.9390202      0.0276262      0.0030094
      7.9390202      0.0264270      0.0008951
      7.9995098      0.0271820      0.0024984
      7.9995098      0.0269649      0.0008067
      8.0599899      0.0275714      0.0044474
      8.0599899      0.0272821      0.0005752
      8.1204700      0.0273506      0.0059452
      8.1204700      0.0271590      0.0006272
      8.1809597      0.0274832      0.0043283
      8.1809597      0.0278835      0.0007120
      8.2414398      0.0278677      0.0047137
      8.2414398      0.0281941      0.0007220
      8.3019199      0.0274829      0.0024203
      8.3019199      0.0282732      0.0010577
      8.3624096      0.0281291      0.0025226
      8.3624096      0.0286797      0.0008200
      8.4228897      0.0288682      0.0027700
      8.4228897      0.0293181      0.0014434
      8.4833698      0.0283672      0.0026145
      8.4833698      0.0252325      0.0082163
      8.5438604      0.0284357      0.0025887
      8.6043396      0.0268678      0.0023791
      8.6648302      0.0277704      0.0023610
      8.7253103      0.0283450      0.0040272
      8.7857904      0.0284067      0.0059929
      8.8462801      0.0294148      0.0027338
      8.9067602      0.0280488      0.0025218
      8.9672403      0.0300212      0.0024731
      9.0277300      0.0298505      0.0022261
      9.0882101      0.0309671      0.0026822
      9.1486902      0.0304326      0.0027849
      9.2091799      0.0282055      0.0025783
      9.2696600      0.0306469      0.0020910
      9.3301497      0.0328589      0.0027121
      9.3906298      0.0293795      0.0028425
      9.4511099      0.0303727      0.0020034
      9.5115995      0.0317658      0.0026864
      9.5720797      0.0310522      0.0029357
      9.6325598      0.0314775      0.0019046
      9.6930504      0.0323044      0.0022401
      9.7535295      0.0321122      0.0019565
      9.8140097      0.0330717      0.0049019
      9.8745003      0.0337810      0.0027966
      9.9349804      0.0342657      0.0024377
      9.9954700      0.0352645      0.0023395
     10.0559502      0.0358491      0.0021690
     10.1164303      0.0364604      0.0026040
     10.1769199      0.0353147      0.0019297
     10.2374001      0.0350691      0.0021779
     10.2978802      0.0372184      0.0017836
     10.3583698      0.0381737      0.0027029
     10.4188499      0.0379896      0.0032160
     10.4793301      0.0379593      0.0043275
     10.5398197      0.0372362      0.0020180
     10.6002998      0.0392770      0.0027635
     10.6607904      0.0408160      0.0032352
     10.7212696      0.0401765      0.0059868
     10.7817497      0.0405756      0.0027745
     10.8422403      0.0401127      0.0023909
     10.9027205      0.0409178      0.0023133
     10.9631996      0.0409123      0.0024844
     11.0236902      0.0430128      0.0029633
     11.0841703      0.0417956      0.0047639
     11.1446505      0.0418376      0.0063421
     11.2051401      0.0438004      0.0025333
     11.2656202      0.0429790      0.0057245
     11.3261099      0.0429710      0.0024186
     11.3865900      0.0420393      0.0025723
     11.4470701      0.0432328      0.0039498
     11.5075598      0.0441879      0.0026879
     11.5680399      0.0450814      0.0027665
     11.6285200      0.0431872      0.0028885
     11.6890097      0.0433700      0.0035839
     11.7494898      0.0431986      0.0041074
     11.8099699      0.0441012      0.0037274
     11.8704596      0.0419521      0.0031404
     11.9309397      0.0440056      0.0027625
     11.9914303      0.0441766      0.0029726
     12.0519104      0.0451648      0.0030877
     12.1123896      0.0432903      0.0052988
     12.1728802      0.0431828      0.0036935
     12.2333603      0.0418817      0.0040950
     12.2938404      0.0410081      0.0025850
     12.3543301      0.0429061      0.0042820
     12.4148102      0.0426968      0.0043364
     12.4752903      0.0439321      0.0042391
     12.5357800      0.0447982      0.0039769
     12.5962601      0.0439669      0.0045438
     12.6567497      0.0458735      0.0028639
     12.7172298      0.0456519      0.0051320
     12.7777100      0.0443713      0.0049106
     12.8381996      0.0442712      0.0036931
     12.8986797      0.0426836      0.0031658
     12.9591599      0.0431179      0.0055443
     13.0196505      0.0448087      0.0039299
     13.0801296      0.0442309      0.0037080
     13.1406097      0.0441479      0.0039522
     13.2011003      0.0439506      0.0094979
     13.2615805      0.0437325      0.0040154
     13.3220596      0.0438508      0.0042873
     13.3825502      0.0439721      0.0040803
     13.4430304      0.0433928      0.0042062
     13.5035200      0.0428639      0.0044351
     13.5640001      0.0437419      0.0072856
     13.6244802      0.0426762      0.0036574
     13.6849699      0.0445632      0.0046328
     13.7454500      0.0453601      0.0038368
     13.8059301      0.0421478      0.0042369
     13.8664198      0.0408821      0.0053761
     13.9268999      0.0417799      0.0045707
     13.9873800      0.0418695      0.0123591
     14.0693502      0.0418307      0.0017485
     14.1540298      0.0415089      0.0015340
     14.2387104      0.0418120      0.0013432
     14.3233805      0.0411722      0.0012842
     14.4080601      0.0405144      0.0015228
     14.4927397      0.0398613      0.0011856
     14.5774097      0.0407322      0.0011311
     14.6620903      0.0408714      0.0017148
     14.7467699      0.0403001      0.0014729
     14.8314505      0.0409566      0.0025770
     14.9161196      0.0416553      0.0016341
     15.0008001      0.0407868      0.0008160
     15.0854797      0.0410230      0.0012050
     15.1701498      0.0406387      0.0014121
     15.2548304      0.0399547      0.0011887
     15.3395100      0.0410712      0.0008985
     15.4241800      0.0410276      0.0013164
     15.5088596      0.0408133      0.0008407
     15.5935402      0.0407744      0.0009931
     15.6782103      0.0407921      0.0006242
     15.7628899      0.0413358      0.0008880
     15.8475704      0.0415768      0.0013779
     15.9322395      0.0417599      0.0007281
     16.0169201      0.0423400      0.0008889
     16.1016006      0.0414777      0.0010289
     16.1862793      0.0405922      0.0009176
     16.2709503      0.0418300      0.0043387
     16.3556309      0.0421320      0.0024271
     16.4403095      0.0434268      0.0012734
     16.5249805      0.0434047      0.0017708
     16.6096592      0.0430373      0.0017888
     16.6943398      0.0431930      0.0011455
     16.7790108      0.0423189      0.0009572
     16.8636894      0.0424627      0.0014366
     16.9483700      0.0437382      0.0011876
     17.0330391      0.0438823      0.0015961
     17.1177197      0.0429909      0.0020950
     17.2024002      0.0441784      0.0016970
     17.2870693      0.0450425      0.0017991
     17.3717499      0.0440730      0.0018868
     17.4564304      0.0443711      0.0012477
     17.5411091      0.0452238      0.0018802
     17.6257801      0.0446092      0.0014683
     17.7104607      0.0450257      0.0017034
     17.7951393      0.0440833      0.0012310
     17.8798103      0.0420878      0.0013842
     17.9644909      0.0437650      0.0013700
     18.0491695      0.0447669      0.0017123
     18.1338406      0.0456230      0.0013288
     18.2185192      0.0456133      0.0031451
     18.3031998      0.0460000      0.0028986
     18.3878708      0.0462168      0.0016370
     18.4725494      0.0472817      0.0010700
     18.5572300      0.0469076      0.0030803
     18.6418991      0.0467254      0.0013289
     18.7265797      0.0472677      0.0019083
     18.8112602      0.0478622      0.0015145
     18.8959408      0.0468806      0.0014332
     18.9806099      0.0472706      0.0122850
     19.0652905      0.0474936      0.0058378
     19.1499691      0.0483985      0.0014379
     19.2346401      0.0489185      0.0015448
     19.3193207      0.0496601      0.0022636
     19.4039993      0.0510937      0.0023106
     19.4886703      0.0491072      0.0013383
     19.5733509      0.0495422      0.0019648
     19.6580296      0.0472170      0.0018552
     19.7427006      0.0488920      0.0064573
     19.8273792      0.0495592      0.0021876
     19.9120598      0.0473653      0.0026822
     19.9120598      0.0493330      0.0017901
     19.9967308      0.0490207      0.0019804
     20.0814095      0.0494113      0.0027883
     20.0814095      0.0494706      0.0010162
     20.1660900      0.0488042      0.0042262
     20.2507706      0.0480121      0.0027282
     20.2507706      0.0493418      0.0008683
     20.3354397      0.0487829      0.0045390
     20.4201202      0.0496876      0.0021627
     20.4201202      0.0483645      0.0013744
     20.5048008      0.0483829      0.0044045
     20.5894699      0.0491524      0.0019613
     20.5894699      0.0490520      0.0015162
     20.7588291      0.0489026      0.0028539
     20.7588291      0.0484649      0.0011640
     20.9281807      0.0500473      0.0025911
     20.9281807      0.0489089      0.0034944
     21.0975304      0.0503328      0.0017583
     21.0975304      0.0503487      0.0011596
     21.2668896      0.0500840      0.0021130
     21.2668896      0.0502286      0.0026317
     21.4362392      0.0503601      0.0017785
     21.4362392      0.0481619      0.0015691
     21.6056004      0.0502869      0.0021867
     21.7749500      0.0522963      0.0022264
     21.9442997      0.0526432      0.0016388
     22.1136608      0.0512312      0.0023282
     22.2830105      0.0503573      0.0051698
     22.4523602      0.0479433      0.0020741
     22.6217194      0.0498421      0.0017751
     22.7910709      0.0501178      0.0016936
     22.9604301      0.0503528      0.0009572
     23.1297798      0.0508619      0.0010551
     23.2991295      0.0501539      0.0011637
     23.4684906      0.0499280      0.0012466
     23.6378403      0.0498201      0.0010841
     23.8071899      0.0501626      0.0012059
     23.9765491      0.0498303      0.0008979
     24.1459007      0.0495465      0.0010466
     24.3152599      0.0499399      0.0013783
     24.4846096      0.0497674      0.0011917
     24.6539593      0.0501010      0.0010111
     24.8233204      0.0494826      0.0011236
     24.9926701      0.0498008      0.0027552
     25.1620197      0.0502628      0.0011122
     25.3313808      0.0498017      0.0017876
     25.5007305      0.0485833      0.0012968
     25.6700897      0.0498701      0.0012867
     25.8394394      0.0485763      0.0014285
     26.0087891      0.0506675      0.0018708
     26.1781502      0.0501733      0.0019051
     26.3474998      0.0503862      0.0012022
     26.5168495      0.0495104      0.0013376
     26.6862106      0.0500272      0.0014187
     26.8555603      0.0496550      0.0028374
     27.0249195      0.0498980      0.0032027
     27.1942692      0.0498535      0.0057242
     27.3636208      0.0496133      0.0014091
     27.5329800      0.0503771      0.0010675
     27.7023296      0.0490987      0.0016138
     27.8716793      0.0486928      0.0014627
     28.0410404      0.0492121      0.0020328
     28.2103901      0.0509147      0.0016682
     28.3797493      0.0516494      0.0013720
     28.5491009      0.0506203      0.0012770
     28.7184505      0.0517044      0.0017791
     28.8878098      0.0514812      0.0013392
     29.0571594      0.0512391      0.0016778
     29.2265091      0.0494726      0.0018714
     29.3958702      0.0514086      0.0013489
     29.5652199      0.0506074      0.0018551
     29.7345791      0.0493727      0.0016983
     29.9039307      0.0497118      0.0019705
     30.0732803      0.0496927      0.0018988
     30.2426395      0.0497550      0.0015885
     30.4119892      0.0503478      0.0027104
     30.5813408      0.0506851      0.0019915
     30.7507000      0.0508796      0.0023067
     30.9200497      0.0493784      0.0014620
     31.0894108      0.0497018      0.0027171
     31.2587605      0.0526074      0.0027742
     31.4281101      0.0502936      0.0018085
     31.5974693      0.0505761      0.0020337
     31.7668209      0.0482894      0.0026312
     31.9361706      0.0497617      0.0034402
     32.1055298      0.0489340      0.0025658
     32.2748795      0.0476671      0.0027441
     32.4442406      0.0481276      0.0020782
     32.6135902      0.0497084      0.0062026
     32.7829399      0.0498400      0.0021396
     32.9523010      0.0489784      0.0039993
     33.1216507      0.0494304      0.0030531
     33.2910004      0.0481248      0.0029574
     33.4603615      0.0501187      0.0025819
     33.6297112      0.0492306      0.0043243
     33.7990685      0.0487522      0.0045202
     33.9684181      0.0491618      0.0029900
     34.1377716      0.0484901      0.0051137
     34.3071289      0.0483601      0.0042859
     34.4764786      0.0481569      0.0057685
     34.6458282      0.0483696      0.0030329
     34.8151894      0.0471427      0.0044668
     34.9845390      0.0503208      0.0040196
     35.1539001      0.0473682      0.0090926
     35.3232498      0.0415506      0.0051924
     35.4925995      0.0471015      0.0080553
     35.6619606      0.0471824      0.0042962
     35.8313103      0.0471274      0.0051025
     36.0006599      0.0443880      0.0059420
     36.1700211      0.0443746      0.0056056
     36.3393707      0.0456918      0.0050023
     36.5087318      0.0525400      0.0053988
     36.6780815      0.0530815      0.0059820
     36.8474312      0.0473891      0.0075592
     37.0167885      0.0498245      0.0050505
     37.1861382      0.0545719      0.0111434
     37.3554916      0.0488793      0.0112590
