#
      5.1869998      0.0025784      0.0013530
      5.2172499      0.0027854      0.0007348
      5.2474899      0.0027499      0.0006477
      5.2777300      0.0019776      0.0010706
      5.3079700      0.0028584      0.0008351
      5.3382101      0.0029266      0.0010563
      5.3684602      0.0028079      0.0012445
      5.3987002      0.0028663      0.0009711
      5.4289398      0.0031071      0.0008069
      5.4591799      0.0029334      0.0006594
      5.4894199      0.0020573      0.0007500
      5.5196700      0.0025127      0.0006665
      5.5499101      0.0028253      0.0006240
      5.5801501      0.0034864      0.0007034
      5.6103902      0.0031660      0.0009096
      5.6406298      0.0031980      0.0007313
      5.6708798      0.0044355      0.0007725
      5.7011199      0.0033793      0.0018828
      5.7313600      0.0036865      0.0008525
      5.7616000      0.0041386      0.0008682
      5.7918401      0.0043159      0.0007899
      5.8220901      0.0043296      0.0012897
      5.8523302      0.0033890      0.0007609
      5.8825698      0.0042744      0.0020827
      5.9128098      0.0043518      0.0005468
      5.9430499      0.0047445      0.0007350
      5.9733000      0.0048290      0.0008606
      6.0035400      0.0047275      0.0008059
      6.0337801      0.0046906      0.0011709
      6.0640202      0.0052685      0.0012018
      6.0942602      0.0059486      0.0012268
      6.1245098      0.0057723      0.0010446
      6.1547499      0.0050138      0.0014111
      6.1849899      0.0051257      0.0024941
      6.2152300      0.0048320      0.0007706
      6.2454700      0.0049230      0.0006564
      6.2757201      0.0052678      0.0008435
      6.3059602      0.0047091      0.0006628
      6.3362002      0.0050783      0.0005995
      6.3664398      0.0050603      0.0011405
      6.3966799      0.0050352      0.0005796
      6.4269300      0.0048726      0.0008492
      6.4571700      0.0048285      0.0012432
      6.4874101      0.0054960      0.0012260
      6.5176501      0.0069240      0.0008117
      6.5478902      0.0060573      0.0009052
      6.5781398      0.0057599      0.0011027
      6.6083798      0.0076571      0.0008770
      6.6386199      0.0093212      0.0010287
      6.6688600      0.0120386      0.0012669
      6.6991000      0.0168418      0.0013032
      6.7293501      0.0207433      0.0014040
      6.7595901      0.0212376      0.0013669
      6.7898302      0.0176883      0.0008782
      6.8200698      0.0122755      0.0024246
      6.8503098      0.0125797      0.0014245
      6.8805599      0.0117166      0.0029452
      6.9108000      0.0104951      0.0016503
      6.9410400      0.0095279      0.0007241
      6.9712801      0.0095591      0.0013594
      7.0015202      0.0083313      0.0006790
      7.0317702      0.0079481      0.0008437
      7.0620098      0.0078763      0.0005833
      7.0922499      0.0076293      0.0015418
      7.1224899      0.0081813      0.0010748
      7.1527300      0.0078519      0.0009948
      7.1829801      0.0086338      0.0017912
      7.2132201      0.0097467      0.0007873
      7.2434602      0.0086063      0.0011097
      7.2737002      0.0091284      0.0020871
      7.3039398      0.0093352      0.0027356
      7.3341899      0.0100390      0.0014230
      7.3644300      0.0091289      0.0011674
      7.3946700      0.0096487      0.0011338
      7.4249101      0.0094191      0.0010602
      7.4551501      0.0105644      0.0008182
      7.4854002      0.0107314      0.0016015
      7.5156398      0.0108202      0.0034849
      7.5458798      0.0125944      0.0014956
      7.5761199      0.0117971      0.0046038
      7.6366000      0.0114766      0.0017867
      7.6970901      0.0111299      0.0017814
      7.7575698      0.0126409      0.0011506
      7.8180499      0.0137467      0.0008813
      7.8785400      0.0124551      0.0026551
      7.9390202      0.0137127      0.0005567
      7.9995098      0.0165621      0.0019044
      8.0599899      0.0202773      0.0008728
      8.1204700      0.0237228      0.0009092
      8.1809597      0.0272535      0.0007781
      8.2414398      0.0304881      0.0009777
      8.3019199      0.0329977      0.0005620
      8.3624096      0.0312301      0.0009146
      8.4228897      0.0296015      0.0065675
      8.4833698      0.0308318      0.0006804
      8.5438604      0.0293604      0.0004400
      8.6043396      0.0271999      0.0006771
      8.6648302      0.0242211      0.0006609
      8.7253103      0.0218062      0.0005277
      8.7857904      0.0199741      0.0006020
      8.8462801      0.0185549      0.0007440
      8.9067602      0.0185174      0.0005756
      8.9672403      0.0177776      0.0003718
      9.0277300      0.0184666      0.0005008
      9.0882101      0.0186629      0.0017941
      9.1486902      0.0183744      0.0004496
      9.2091799      0.0195152      0.0004572
      9.2696600      0.0197511      0.0004003
      9.3301497      0.0202260      0.0003373
      9.3906298      0.0189286      0.0006104
      9.4511099      0.0167022      0.0016062
      9.5115995      0.0147163      0.0003859
      9.5720797      0.0122291      0.0003711
      9.6325598      0.0107710      0.0003647
      9.6930504      0.0110195      0.0004118
      9.7535295      0.0110885      0.0004398
      9.8140097      0.0100470      0.0005656
      9.8745003      0.0089140      0.0005375
      9.9349804      0.0086828      0.0004107
      9.9954700      0.0092744      0.0011680
     10.0559502      0.0089295      0.0006926
     10.1164303      0.0085179      0.0003323
     10.1769199      0.0083654      0.0006615
     10.2374001      0.0082584      0.0005479
     10.2978802      0.0088037      0.0004188
     10.3583698      0.0087567      0.0006784
     10.4188499      0.0090612      0.0003057
     10.4793301      0.0109032      0.0004478
     10.5398197      0.0098682      0.0003972
     10.6002998      0.0090729      0.0005509
     10.6607904      0.0092880      0.0004175
     10.7212696      0.0087904      0.0004332
     10.7817497      0.0091425      0.0007352
     10.8422403      0.0094651      0.0004152
     10.9027205      0.0096614      0.0006044
     10.9631996      0.0099072      0.0006416
     11.0236902      0.0102350      0.0004585
     11.0841703      0.0100390      0.0005104
     11.1446505      0.0104450      0.0005992
     11.2051401      0.0106310      0.0004542
     11.2656202      0.0106534      0.0004713
     11.3261099      0.0123079      0.0020568
     11.3865900      0.0162034      0.0008560
     11.4470701      0.0145591      0.0004546
     11.5075598      0.0138261      0.0005450
     11.5680399      0.0140126      0.0003491
     11.6285200      0.0140676      0.0003821
     11.6890097      0.0150137      0.0004234
     11.7494898      0.0150111      0.0004820
     11.8099699      0.0148143      0.0003462
     11.8704596      0.0158340      0.0010960
     11.9309397      0.0181673      0.0004354
     11.9914303      0.0200980      0.0005157
     12.0519104      0.0229132      0.0010133
     12.1123896      0.0318176      0.0018078
     12.1728802      0.0430214      0.0022308
     12.2333603      0.0457411      0.0005912
     12.2938404      0.0384903      0.0004728
     12.3543301      0.0336088      0.0005593
     12.4148102      0.0298623      0.0013897
     12.4752903      0.0271802      0.0004687
     12.5357800      0.0257756      0.0009296
     12.5962601      0.0241494      0.0004392
     12.6567497      0.0230474      0.0006086
     12.7172298      0.0230360      0.0005592
     12.7777100      0.0240014      0.0005414
     12.8381996      0.0255098      0.0005607
     12.8986797      0.0274875      0.0005480
     12.9591599      0.0272377      0.0007023
     13.0196505      0.0279350      0.0008940
     13.0801296      0.0277812      0.0007234
     13.1406097      0.0280092      0.0008921
     13.2011003      0.0279311      0.0004814
     13.2615805      0.0293258      0.0006853
     13.3220596      0.0302743      0.0009212
     13.3825502      0.0316334      0.0005404
     13.4430304      0.0321416      0.0018651
     13.5035200      0.0325081      0.0004563
     13.5640001      0.0344286      0.0005182
     13.6244802      0.0363001      0.0008310
     13.6849699      0.0378969      0.0006543
     13.7454500      0.0399629      0.0006512
     13.8059301      0.0419699      0.0006286
     13.8664198      0.0575183      0.0049453
     13.9268999      0.0651888      0.0008104
     13.9873800      0.0410406      0.0006635
     14.0478697      0.0320352      0.0009740
     14.1083498      0.0312471      0.0009142
     14.1688404      0.0301578      0.0008311
     14.2293196      0.0302162      0.0011131
     14.2387104      0.0302252      0.0010654
     14.2897997      0.0302745      0.0007636
     14.3233805      0.0303069      0.0048380
     14.3502903      0.0303329      0.0006129
     14.4080601      0.0303886      0.0020449
     14.4107704      0.0303912      0.0009605
     14.4927397      0.0304703      0.0015156
     14.5774097      0.0305519      0.0026464
     14.6620903      0.0301353      0.0026580
     14.7467699      0.0301411      0.0017136
     14.8314505      0.0298488      0.0016326
     14.9161196      0.0302882      0.0020292
     15.0008001      0.0277883      0.0006230
     15.0854797      0.0278587      0.0011492
     15.1701498      0.0309560      0.0010074
     15.2548304      0.0308200      0.0011503
     15.3395100      0.0329520      0.0035869
     15.4241800      0.0329547      0.0047607
     15.5088596      0.0374788      0.0035827
     15.5935402      0.0399232      0.0018792
     15.6782103      0.0348867      0.0010469
     15.7628899      0.0333522      0.0010928
     15.8475704      0.0350351      0.0009181
     15.9322395      0.0343815      0.0010038
     16.0169201      0.0331221      0.0012993
     16.1016006      0.0374427      0.0085473
     16.1862793      0.0379627      0.0011362
     16.2709503      0.0373763      0.0018232
     16.3556309      0.0396868      0.0010874
     16.4403095      0.0391600      0.0023346
     16.5249805      0.0379396      0.0035504
     16.6096592      0.0374767      0.0015688
     16.6943398      0.0368760      0.0014250
     16.7790108      0.0424616      0.0031727
     16.8636894      0.0538135      0.0030932
     16.9483700      0.0525629      0.0018286
     17.0330391      0.0393814      0.0025705
     17.1177197      0.0406569      0.0033387
     17.2024002      0.0420639      0.0010923
     17.2870693      0.0435601      0.0008626
     17.3717499      0.0450826      0.0017984
     17.4564304      0.0460938      0.0059814
     17.5411091      0.0426260      0.0015849
     17.6257801      0.0469658      0.0064459
     17.7104607      0.0495965      0.0013516
     17.7951393      0.0493101      0.0091694
     17.8798103      0.0535185      0.0022604
     17.9644909      0.0515186      0.0019670
     18.0491695      0.0504180      0.0019785
     18.1338406      0.0551882      0.0020883
     18.2185192      0.0552020      0.0012752
     18.3031998      0.0558272      0.0011576
     18.3878708      0.0523111      0.0012079
     18.4725494      0.0625331      0.0017245
     18.5572300      0.0554397      0.0044481
     18.6418991      0.0607346      0.0016506
     18.7265797      0.0557201      0.0042894
     18.8112602      0.0566123      0.0023272
     18.8959408      0.0555413      0.0014485
     18.9806099      0.0518181      0.0011698
     19.0652905      0.0555334      0.0017822
     19.1499691      0.0550796      0.0009837
     19.2346401      0.0565167      0.0012189
     19.3193207      0.0604558      0.0015914
     19.4039993      0.0570038      0.0012153
     19.4886703      0.0549991      0.0020861
     19.5733509      0.0571896      0.0018817
     19.6580296      0.0557444      0.0016985
     19.7427006      0.0552317      0.0017550
     19.8273792      0.0535405      0.0026530
     19.9120598      0.0581288      0.0020033
     19.9967308      0.0621375      0.0040302
     20.0814095      0.0654995      0.0022653
     20.1660900      0.0622905      0.0050811
     20.2507706      0.0680840      0.0060992
     20.3354397      0.0864639      0.0036925
     20.4201202      0.0696372      0.0031690
     20.5048008      0.0624679      0.0017573
     20.5894699      0.0632848      0.0017370
     20.6741505      0.0627606      0.0127653
     20.7588291      0.0641404      0.0022266
     20.8435001      0.0613887      0.0020068
     20.9281807      0.0649193      0.0019666
     21.0975304      0.0682682      0.0034300
     21.2668896      0.0694485      0.0019981
     21.4362392      0.0721102      0.0089276
     21.6056004      0.0747919      0.0025765
     21.7749500      0.0765033      0.0048793
     21.9442997      0.0755796      0.0065213
     22.1136608      0.0759059      0.0033196
     22.2830105      0.0783188      0.0086102
     22.4523602      0.0797525      0.0036614
     22.6217194      0.0825754      0.0016343
     22.7910709      0.0847516      0.0016987
     22.9604301      0.0881753      0.0020870
     23.1297798      0.0904689      0.0014390
     23.2991295      0.0909240      0.0027307
     23.4684906      0.0937686      0.0033324
     23.6378403      0.0947738      0.0020236
     23.8071899      0.0963608      0.0016476
     23.9765491      0.1003658      0.0013157
     24.1459007      0.1033753      0.0028509
     24.3152599      0.1050798      0.0100180
     24.4846096      0.1087100      0.0017374
     24.6539593      0.1084970      0.0022430
     24.8233204      0.1110475      0.0011875
     24.9926701      0.1128336      0.0016626
     25.1620197      0.1159167      0.0028378
     25.3313808      0.1148574      0.0028747
     25.5007305      0.1186636      0.0026676
     25.6700897      0.1182205      0.0087917
     25.8394394      0.1218108      0.0037012
     26.0087891      0.1274220      0.0027335
     26.1781502      0.1314373      0.0024540
     26.3474998      0.1355209      0.0021728
     26.5168495      0.1345099      0.0010453
     26.6862106      0.1370782      0.0017521
     26.8555603      0.1435574      0.0027803
     27.0249195      0.1423952      0.0104532
     27.1942692      0.1424504      0.0039729
     27.3636208      0.1464054      0.0017002
     27.5329800      0.1490562      0.0014259
     27.7023296      0.1500213      0.0027506
     27.8716793      0.1642728      0.0129563
     28.0410404      0.1877735      0.0012008
     28.2103901      0.1904533      0.0060970
     28.3797493      0.1707980      0.0051237
     28.5491009      0.1713681      0.0038309
     28.7184505      0.1710387      0.0054734
     28.8878098      0.1743091      0.0030538
     29.0571594      0.1770888      0.0013063
     29.2265091      0.1744071      0.0026661
     29.3958702      0.1882403      0.0047077
     29.5652199      0.1868253      0.0024541
     29.7345791      0.1892322      0.0031794
     29.9039307      0.1954007      0.0014519
     30.0732803      0.1952810      0.0026992
     30.2426395      0.1967143      0.0020711
     30.4119892      0.1999176      0.0023186
     30.5813408      0.2027162      0.0099701
     30.7507000      0.2111106      0.0029587
     30.9200497      0.2145590      0.0021653
     31.0894108      0.2194680      0.0032340
     31.2587605      0.2182638      0.0086827
     31.4281101      0.2167629      0.0018472
     31.5974693      0.2247387      0.0083958
     31.7668209      0.2268050      0.0020144
     31.9361706      0.2257767      0.0018322
     32.1055298      0.2344905      0.0033529
     32.2748795      0.2410463      0.0021803
     32.4442406      0.2442124      0.0039152
     32.6135902      0.2458485      0.0019713
     32.7829399      0.2493770      0.0039397
     32.9523010      0.2561624      0.0021040
     33.1216507      0.2566330      0.0059074
     33.2910004      0.2684973      0.0065854
     33.4603615      0.2683113      0.0077116
     33.6297112      0.2715728      0.0057764
     33.7990685      0.2819559      0.0059665
     33.9684181      0.2786901      0.0046762
     34.1377716      0.2817423      0.0086633
     34.3071289      0.2909191      0.0090209
     34.4764786      0.2878277      0.0026462
     34.6458282      0.2879590      0.0036297
     34.8151894      0.2967517      0.0044552
     34.9845390      0.3040453      0.0051942
     35.1539001      0.3086409      0.0072741
     35.3232498      0.3042368      0.0040846
     35.4925995      0.3099381      0.0246688
     35.6619606      0.3227754      0.0074507
     35.8313103      0.3173192      0.0046796
     36.0006599      0.3115926      0.0170257
     36.1700211      0.3279465      0.0056832
     36.3393707      0.3360850      0.0032682
     36.5087318      0.3297078      0.0134294
     36.6780815      0.3266357      0.0116879
     36.8474312      0.3122835      0.0038128
     37.0167885      0.3445346      0.0190911
     37.1861382      0.3525952      0.0493274
     37.3554916      0.2974823      0.0104620
     37.5248489      0.2556142           -NaN
